21219
-108
-107
-106
-106
-106
-105
-105
-105
-106
-106
-105
-104
-105
-106
-105
-105
-106
-106
-105
-105
-106
-106
-105
-105
-105
-105
-104
-103
-103
-103
-102
-102
-101
-100
-100
-100
-102
-104
-105
-105
-106
-107
-106
-107
-107
-107
-107
-106
-106
-106
-106
-105
-105
-105
-105
-105
-106
-106
-106
-105
-105
-105
-106
-106
-105
-105
-106
-106
-105
-105
-106
-105
-104
-104
-104
-104
-104
-103
-104
-104
-104
-104
-104
-104
-105
-104
-104
-104
-103
-103
-103
-104
-104
-105
-105
-106
-106
-106
-106
-106
-105
-105
-105
-105
-105
-104
-104
-104
-105
-105
-105
-105
-105
-105
-105
-105
-105
-104
-103
-103
-104
-104
-104
-104
-105
-104
-104
-105
-105
-104
-105
-104
-105
-105
-105
-105
-105
-104
-104
-105
-105
-105
-105
-106
-107
-106
-106
-106
-106
-106
-106
-105
-106
-106
-106
-105
-105
-105
-105
-105
-104
-104
-104
-104
-104
-104
-105
-105
-105
-106
-106
-106
-106
-106
-107
-107
-106
-107
-106
-104
-103
-104
-104
-104
-104
-104
-105
-106
-106
-106
-106
-106
-105
-105
-106
-107
-106
-105
-104
-105
-105
-105
-105
-105
-105
-104
-103
-104
-106
-106
-106
-106
-106
-106
-105
-106
-106
-107
-107
-106
-105
-103
-102
-101
-101
-101
-101
-102
-104
-104
-105
-106
-106
-105
-106
-106
-106
-105
-104
-104
-105
-104
-106
-105
-106
-106
-107
-106
-107
-106
-107
-107
-107
-108
-107
-108
-107
-106
-107
-106
-106
-107
-107
-106
-106
-106
-107
-106
-107
-106
-105
-106
-106
-107
-108
-107
-107
-106
-106
-106
-106
-106
-105
-106
-105
-104
-105
-105
-105
-106
-107
-107
-107
-108
-108
-108
-108
-107
-107
-107
-106
-106
-106
-106
-106
-106
-106
-105
-105
-105
-104
-105
-105
-104
-104
-104
-104
-105
-105
-105
-105
-105
-105
-106
-106
-105
-105
-105
-106
-106
-106
-105
-105
-105
-104
-104
-105
-105
-105
-106
-106
-106
-106
-106
-106
-106
-106
-106
-106
-106
-105
-104
-103
-105
-105
-105
-105
-105
-105
-105
-105
-105
-105
-105
-105
-105
-106
-105
-105
-106
-107
-107
-106
-106
-105
-105
-104
-105
-105
-104
-105
-104
-105
-105
-105
-104
-105
-105
-105
-105
-105
-105
-105
-104
-105
-106
-106
-106
-106
-106
-106
-105
-105
-105
-103
-102
-101
-102
-101
-100
-101
-102
-103
-103
-104
-105
-106
-106
-106
-107
-107
-107
-107
-106
-106
-106
-106
-105
-105
-105
-106
-106
-106
-106
-106
-106
-106
-106
-104
-105
-105
-106
-106
-106
-106
-105
-105
-104
-104
-104
-104
-104
-104
-104
-103
-102
-103
-104
-105
-105
-105
-105
-104
-104
-104
-105
-104
-103
-104
-104
-105
-106
-106
-106
-106
-106
-106
-107
-107
-106
-106
-107
-108
-107
-107
-106
-107
-106
-105
-105
-105
-105
-105
-104
-104
-104
-104
-105
-105
-104
-105
-106
-105
-106
-107
-106
-105
-106
-106
-106
-107
-107
-107
-107
-107
-107
-107
-107
-107
-107
-107
-105
-106
-106
-107
-106
-106
-106
-106
-107
-106
-107
-107
-107
-106
-106
-106
-105
-105
-105
-104
-104
-104
-104
-104
-104
-105
-105
-105
-106
-107
-106
-106
-105
-106
-106
-106
-105
-105
-105
-105
-106
-106
-106
-106
-106
-106
-107
-107
-107
-107
-106
-106
-106
-107
-107
-107
-108
-109
-109
-108
-108
-106
-106
-106
-107
-107
-108
-107
-107
-107
-107
-106
-106
-106
-105
-104
-104
-103
-104
-103
-102
-101
-101
-103
-103
-104
-105
-106
-107
-108
-108
-108
-108
-108
-108
-108
-107
-107
-106
-105
-106
-106
-106
-108
-108
-110
-111
-112
-111
-106
-102
-101
-100
-102
-104
-104
-105
-105
-105
-106
-109
-112
-111
-109
-109
-107
-106
-105
-102
-101
-100
-101
-103
-104
-103
-103
-106
-110
-114
-118
-118
-112
-105
-100
-98
-101
-105
-107
-106
-104
-102
-101
-103
-107
-110
-110
-108
-105
-105
-107
-110
-110
-105
-102
-103
-103
-103
-102
-102
-104
-107
-107
-107
-107
-107
-107
-109
-111
-113
-112
-108
-102
-101
-104
-107
-109
-112
-112
-103
-94
-90
-88
-90
-93
-97
-103
-112
-118
-116
-108
-103
-103
-105
-106
-105
-108
-108
-105
-102
-107
-115
-113
-87
-56
-44
-69
-109
-121
-122
-120
-119
-117
-121
-132
-129
-117
-102
-103
-97
-85
-87
-69
-74
-114
-138
-143
-121
-97
-90
-89
-118
-130
-106
-82
-78
-88
-101
-129
-151
-161
-152
-136
-122
-108
-92
-72
-70
-97
-91
-75
-82
-89
-113
-139
-153
-155
-150
-128
-90
-59
-65
-97
-101
-88
-53
-52
-98
-136
-158
-157
-154
-152
-139
-106
-60
-65
-94
-96
-74
-46
-53
-84
-128
-132
-113
-96
-82
-52
-14
-7
-47
-89
-119
-141
-164
-182
-173
-158
-144
-138
-131
-88
-61
-60
-65
-80
-98
-124
-133
-131
-107
-83
-66
-88
-149
-179
-134
-86
-105
-137
-147
-119
-80
-93
-127
-106
-111
-112
-83
-78
-100
-131
-124
-101
-115
-114
-85
-68
-73
-105
-131
-112
-81
-111
-162
-149
-97
-78
-85
-117
-122
-119
-137
-161
-117
-58
-39
-9
-6
-43
-112
-197
-231
-195
-136
-142
-129
-72
-8
-2
-33
-106
-191
-204
-156
-120
-110
-97
-82
-44
-47
-87
-125
-149
-174
-167
-113
-72
-82
-94
-70
-97
-133
-137
-149
-163
-115
-78
-94
-111
-98
-33
25
-40
-143
-187
-204
-231
-208
-84
30
48
-7
-56
-73
-72
-95
-147
-203
-224
-192
-149
-135
-155
-137
-60
6
-21
-105
-92
-34
-27
-76
-164
-219
-216
-161
-92
-58
-57
-118
-186
-201
-141
-35
46
7
-77
-93
-81
-59
-56
-78
-153
-204
-186
-126
-94
-99
-126
-137
-82
-20
-32
-109
-193
-222
-158
-99
-42
3
-31
-122
-176
-105
-51
-41
-78
-126
-139
-176
-206
-178
-141
-88
-43
-66
-65
-35
-57
-114
-93
-62
-118
-187
-156
-103
-108
-129
-109
-72
-100
-168
-168
-98
-53
-35
-59
-97
-134
-170
-138
-108
-73
-48
-53
-80
-110
-145
-168
-165
-108
-63
-71
-99
-125
-133
-86
-89
-123
-80
-30
-71
-112
-132
-157
-145
-79
-49
-67
-110
-119
-114
-150
-211
-186
-80
-9
-43
-49
-69
-117
-192
-213
-154
-68
-34
-55
-66
-74
-71
-59
-112
-153
-176
-182
-152
-121
-110
-126
-111
-54
-23
-34
-80
-148
-192
-171
-100
-44
-36
-47
-101
-133
-138
-152
-122
-73
-85
-150
-147
-113
-111
-92
-99
-99
-115
-127
-82
-10
11
-46
-117
-163
-149
-102
-113
-190
-208
-166
-115
-69
-51
-79
-109
-83
-45
-53
-114
-141
-118
-82
-69
-97
-136
-180
-172
-144
-127
-98
-53
-10
-16
-106
-162
-137
-78
-22
-5
15
3
-100
-195
-231
-242
-229
-207
-173
-126
-41
-6
-17
12
31
-32
-126
-203
-216
-192
-152
-103
-64
-46
-42
-48
-120
-145
-108
-121
-175
-176
-132
-126
-83
-33
-27
-24
-82
-132
-121
-133
-151
-176
-148
-117
-116
-97
-69
-59
-55
-72
-115
-132
-116
-101
-97
-103
-88
-96
-107
-119
-88
-61
-80
-74
-71
-106
-121
-129
-167
-165
-104
-93
-107
-91
-66
-43
-42
-76
-74
-70
-156
-192
-106
-53
-77
-128
-154
-142
-158
-178
-146
-68
-14
-5
-63
-50
5
-40
-144
-177
-151
-156
-120
-61
-83
-147
-186
-160
-97
-52
-42
-70
-73
-59
-68
-104
-135
-136
-138
-112
-83
-98
-107
-91
-50
-43
-106
-154
-136
-124
-128
-120
-93
-102
-83
-59
-47
-58
-94
-98
-75
-72
-96
-132
-138
-113
-134
-174
-136
-93
-98
-81
-70
-17
60
14
-119
-202
-229
-167
-107
-84
-104
-168
-211
-116
-17
-6
-31
-71
-71
-80
-96
-151
-180
-173
-163
-139
-131
-126
-113
-74
-64
-91
-86
-53
-4
60
7
-135
-208
-234
-189
-118
-83
-112
-126
-98
-74
-62
-58
-83
-90
-105
-112
-115
-115
-134
-127
-50
-16
-54
-125
-161
-128
-102
-151
-167
-111
-70
-54
-51
-45
-63
-98
-158
-197
-182
-144
-93
-83
-105
-131
-108
-65
-52
-33
-78
-123
-127
-118
-108
-120
-134
-94
-20
-4
-46
-110
-186
-193
-136
-90
-66
-78
-114
-137
-110
-109
-119
-140
-159
-125
-104
-115
-97
-18
-9
-65
-174
-215
-156
-89
-61
-134
-209
-159
-80
-53
-60
-51
-39
-66
-104
-105
-80
-83
-118
-144
-171
-167
-136
-143
-130
-97
-105
-109
-66
-17
-58
-117
-132
-116
-111
-130
-122
-70
-78
-120
-132
-103
-72
-73
-93
-31
4
-66
-145
-167
-160
-166
-189
-191
-190
-181
-130
-90
-52
9
45
-26
-113
-148
-169
-203
-165
-132
-159
-160
-126
-117
-136
-94
-31
-47
-104
-74
-28
-50
-95
-120
-128
-144
-172
-188
-159
-108
-82
-83
-40
-4
-68
-166
-149
-65
-78
-150
-191
-186
-137
-61
-8
-68
-134
-97
-70
-103
-126
-105
-38
48
47
-41
-163
-219
-241
-249
-240
-179
-129
-108
-79
-9
50
65
-21
-135
-183
-195
-195
-167
-94
-80
-124
-109
-108
-137
-143
-118
-58
-21
-35
-90
-149
-212
-187
-108
-18
-17
-40
-91
-89
-119
-178
-203
-192
-152
-102
-53
-8
31
-29
-152
-215
-179
-58
-55
-43
-29
-90
-126
-137
-155
-68
-45
-107
-161
-217
-240
-249
-248
-163
-21
99
193
112
-98
-159
-212
-238
-248
-215
-152
-65
-30
-27
-44
-113
-160
-185
-129
-108
-108
-150
-159
-108
-13
129
178
58
-121
-202
-234
-246
-229
-165
-33
68
126
112
31
-84
-187
-228
-244
-251
-230
-150
-3
129
115
7
37
8
-91
-146
-212
-236
-156
-128
-205
-236
-247
-230
-23
116
26
-136
-129
-24
-54
-116
-89
-143
-197
-159
-119
-121
-134
-134
-118
-111
-129
-151
-127
-24
29
-123
-204
-152
-42
-42
-159
-130
-56
-140
-175
-35
-5
-147
-213
-238
-245
-128
96
101
-75
-185
-227
-184
-99
30
33
73
41
-130
-206
-235
-226
-152
-108
-167
-222
-202
-99
25
69
-4
-153
-98
56
72
-95
-193
-229
-201
-120
-127
-145
-129
-101
-121
-175
-153
14
154
54
-132
-125
-116
-121
-98
-135
-184
-213
-209
-147
-180
-163
-40
0
-33
-122
-177
-146
-65
6
1
-97
-130
-206
-194
-136
-113
-29
-11
-78
-41
43
-34
-124
-203
-234
-247
-252
-254
-177
6
129
197
161
-71
-178
-142
-151
-210
-227
-191
-86
-33
-56
-150
-214
-239
-187
-49
78
108
3
-137
-147
-101
-24
-14
-108
-194
-211
-156
-129
-112
-164
-214
-239
-217
-48
108
135
11
-29
-39
-129
-193
-224
-243
-235
-109
23
-16
-90
-159
-160
-81
11
-3
1
-88
-191
-129
-44
-102
-193
-140
-60
-98
-126
-77
-127
-193
-193
-141
-73
-25
-4
22
22
-48
-172
-222
-242
-243
-226
-173
-118
-45
29
140
133
-5
-109
-153
-214
-224
-226
-201
-170
-127
-85
-91
-29
8
-53
-161
-184
-163
-151
-151
-146
-151
-56
32
-16
-28
27
-25
-115
-142
-100
-111
-197
-232
-243
-145
-17
60
110
98
-2
-139
-190
-207
-229
-227
-146
-86
-127
-168
-127
-27
12
0
47
138
71
-92
-191
-229
-231
-170
-123
-82
-51
-95
-130
-135
-55
-39
-106
-80
-19
-18
-93
-105
-53
-68
-142
-207
-236
-238
-180
-144
-40
23
-7
5
56
22
-108
-198
-232
-246
-247
-170
-22
45
-33
-66
26
101
49
-97
-193
-228
-151
-45
-61
-179
-225
-243
-230
-111
38
129
197
167
-22
-163
-172
-38
-45
-155
-216
-239
-249
-239
-140
-89
-5
98
190
168
57
-76
-117
-99
-133
-204
-234
-247
-222
-188
-197
-189
-110
9
92
99
55
23
-43
-90
-72
-87
-136
-202
-234
-247
-251
-213
-164
-113
-72
-48
-22
-30
-26
62
137
162
47
-129
-205
-235
-200
-191
-197
-166
-147
-154
-153
-123
-29
65
100
73
-11
-136
-189
-183
-151
-92
-87
-136
-169
-162
-149
-109
-60
-53
0
128
32
-138
-179
-191
-173
-138
-138
-128
-101
-101
-126
-144
-129
-84
-12
89
91
-21
-119
-143
-72
-110
-157
-181
-170
-137
-132
-119
-112
-86
-58
-25
-51
-91
-78
-67
-72
-107
-140
-166
-159
-116
-96
-96
-63
-110
-154
-113
-39
-5
-25
-61
-69
-17
-19
-95
-173
-213
-185
-151
-141
-127
-125
-103
-95
-87
-66
-49
-33
-19
5
64
-13
-161
-206
-204
-185
-148
-135
-131
-130
-119
-57
-10
-68
-129
-133
-148
-121
-44
-38
-62
-46
-90
-156
-177
-137
-79
-50
-59
-91
-170
-191
-202
-167
-102
-19
2
-74
-94
-43
16
33
-73
-144
-192
-212
-213
-200
-160
-104
-40
-63
-145
-122
-68
16
66
-34
-166
-208
-168
-123
-105
-116
-99
-96
-83
-40
-126
-193
-148
-52
3
37
16
-101
-195
-232
-206
-136
-69
-91
-116
-120
-107
-81
-53
-93
-153
-128
-104
-92
-57
-30
-86
-128
-161
-174
-146
-71
-26
-41
-110
-181
-178
-152
-152
-170
-121
-113
-106
-44
-21
-70
-84
-81
-139
-129
-47
-5
-25
-116
-149
-143
-156
-184
-160
-136
-165
-182
-178
-154
-85
1
35
26
-46
-114
-139
-157
-129
-150
-198
-183
-130
-80
-61
-94
-141
-175
-147
-81
-76
-53
-56
-89
-60
-62
-99
-166
-201
-178
-150
-125
-115
-146
-159
-112
-64
-11
-1
-64
-14
9
-41
-72
-120
-200
-218
-199
-175
-185
-200
-157
-96
-115
-171
-148
-108
-95
-102
-110
-108
-99
-65
-14
-46
-94
-157
-188
-154
-93
-56
-106
-132
-144
-168
-171
-148
-113
-87
-119
-112
-108
-142
-142
-142
-120
-20
35
-67
-153
-142
-85
-117
-150
-152
-118
-94
-101
-114
-115
-158
-177
-162
-132
-110
-89
-34
13
9
-79
-161
-168
-132
-119
-103
-115
-150
-164
-150
-135
-123
-119
-91
-54
-68
-69
-117
-132
-97
-83
-81
-116
-142
-103
-64
-98
-134
-169
-180
-160
-141
-130
-126
-116
-98
-85
-78
-73
-83
-83
-77
-112
-127
-109
-88
-93
-128
-146
-139
-130
-120
-112
-128
-118
-74
-41
-5
21
-41
-133
-149
-148
-121
-101
-129
-148
-152
-161
-157
-139
-137
-117
-77
-89
-134
-159
-151
-105
-73
-66
-57
-50
-60
-17
-43
-102
-149
-155
-109
-98
-130
-147
-158
-178
-178
-144
-120
-97
-14
-34
-98
-96
-95
-103
-111
-147
-177
-141
-93
-90
-128
-152
-145
-120
-109
-94
-78
-45
-8
29
-37
-124
-164
-159
-203
-183
-147
-137
-120
-98
-99
-123
-146
-163
-125
-59
-36
-73
-83
-70
-67
-44
-78
-130
-171
-183
-167
-147
-132
-123
-117
-115
-109
-71
-37
-59
-122
-148
-161
-144
-80
-19
-68
-127
-162
-157
-131
-113
-103
-88
-65
-58
-62
-80
-127
-145
-129
-86
-57
-88
-103
-105
-112
-133
-138
-118
-98
-110
-133
-132
-126
-123
-109
-95
-101
-99
-93
-106
-127
-128
-82
-44
-40
-51
-97
-160
-191
-177
-147
-125
-84
-47
-50
-82
-116
-128
-139
-153
-103
-70
-85
-110
-122
-124
-124
-122
-123
-100
-63
-56
-84
-86
-106
-123
-119
-145
-145
-133
-109
-101
-106
-138
-135
-115
-113
-107
-67
-39
-56
-93
-153
-164
-145
-154
-145
-123
-108
-101
-68
-13
-30
-85
-145
-154
-157
-144
-124
-118
-113
-106
-122
-122
-106
-88
-70
-80
-79
-72
-70
-81
-93
-58
-56
-144
-179
-164
-157
-159
-137
-105
-95
-82
-84
-89
-71
-93
-101
-69
-61
-66
-69
-59
-104
-151
-148
-139
-139
-168
-160
-123
-106
-103
-97
-91
-89
-90
-78
-51
-34
-77
-102
-124
-117
-117
-138
-153
-132
-101
-99
-120
-122
-116
-104
-90
-79
-75
-80
-68
-82
-120
-145
-130
-62
-25
-32
-80
-152
-167
-148
-130
-116
-134
-121
-100
-69
-114
-165
-161
-112
-71
-61
-51
-49
-78
-92
-86
-126
-129
-116
-110
-95
-116
-133
-136
-129
-143
-139
-96
-67
-57
-62
-88
-104
-132
-111
-47
-42
-84
-136
-134
-129
-147
-131
-116
-111
-134
-128
-60
-33
-134
-132
-55
-12
-23
-72
-156
-166
-159
-153
-150
-136
-116
-104
-106
-119
-109
-48
-83
-124
-108
-65
-74
-94
-75
-54
-72
-110
-138
-177
-165
-122
-109
-108
-117
-126
-111
-62
-51
-103
-150
-127
-82
-39
6
-33
-105
-141
-166
-155
-157
-141
-126
-120
-114
-106
-103
-116
-125
-83
-7
63
27
-44
-156
-183
-153
-136
-129
-132
-136
-140
-138
-138
-139
-118
-100
-74
-34
-63
-108
-83
-73
-83
-112
-159
-161
-118
-106
-125
-116
-88
-67
-62
-82
-115
-100
-103
-100
-62
-130
-181
-156
-112
-64
-27
-43
-114
-125
-136
-131
-111
-94
-113
-120
-97
-80
-76
-92
-87
-95
-109
-98
-71
-116
-129
-92
-88
-98
-140
-156
-139
-118
-96
-72
-70
-117
-85
-61
-85
-113
-129
-128
-102
-86
-103
-107
-109
-115
-110
-109
-110
-101
-62
-16
-54
-145
-163
-130
-108
-123
-137
-123
-109
-100
-92
-94
-98
-83
-64
-25
-60
-159
-190
-150
-117
-98
-87
-91
-98
-88
-58
-73
-142
-186
-136
-103
-84
-57
-78
-90
-119
-128
-128
-128
-128
-131
-86
-25
-25
-87
-122
-106
-79
-117
-157
-143
-119
-85
-73
-128
-150
-143
-124
-96
-86
-103
-107
-106
-118
-94
-41
-25
-61
-74
-96
-142
-144
-158
-153
-135
-124
-105
-103
-106
-112
-119
-94
-54
-74
-117
-114
-100
-75
-42
-21
-45
-116
-153
-172
-169
-154
-135
-116
-110
-104
-91
-78
-88
-91
-101
-119
-110
-41
-6
-38
-98
-127
-126
-165
-163
-116
-98
-107
-127
-138
-127
-122
-105
-78
-66
-56
-96
-121
-99
-92
-106
-109
-74
-61
-100
-129
-139
-145
-137
-120
-94
-80
-73
-101
-91
-75
-85
-61
-78
-120
-100
-113
-129
-118
-122
-161
-174
-153
-127
-108
-104
-102
-83
-51
-74
-115
-136
-97
-80
-79
-89
-94
-106
-110
-100
-73
-55
-95
-132
-136
-125
-120
-115
-125
-117
-99
-106
-133
-143
-148
-132
-82
-35
-73
-104
-114
-118
-116
-84
-55
-39
-52
-49
-40
-53
-127
-198
-198
-178
-162
-135
-117
-110
-102
-99
-101
-96
-81
-98
-104
-82
-27
19
-13
-98
-161
-198
-184
-133
-99
-115
-123
-136
-142
-122
-69
-52
-97
-115
-127
-68
39
111
58
-100
-195
-231
-227
-186
-157
-125
-64
-64
-101
-128
-124
-120
-92
-87
-100
-99
-42
14
-10
-16
-55
-168
-217
-197
-151
-150
-169
-159
-136
-106
-65
-84
-107
-98
-84
-112
-164
-161
-121
-67
-13
-25
-61
-61
-42
-72
-103
-160
-191
-170
-108
-33
-45
-135
-199
-180
-129
-80
-79
-83
-113
-126
-142
-120
-84
-87
-86
-84
-84
-82
-91
-69
-79
-56
-48
-92
-78
-101
-134
-158
-169
-189
-183
-97
-39
-48
-52
-20
29
-16
-128
-186
-210
-197
-133
-62
-41
-73
-118
-105
-91
-152
-175
-158
-145
-58
60
73
-35
-156
-216
-236
-188
-123
-102
-126
-131
-131
-121
-95
-57
-57
-99
-118
-58
19
-7
-137
-182
-130
-47
-54
-124
-176
-203
-186
-144
-80
-56
-94
-78
-51
47
76
-24
-147
-213
-238
-239
-172
-109
-64
-42
-32
-48
-75
-26
-113
-163
-148
-166
-152
-183
-155
-104
-73
-7
-9
-58
-83
-76
-111
-103
15
63
-17
-107
-187
-228
-244
-236
-184
-140
-100
-54
-27
-17
-35
-74
-103
-71
-28
8
9
-39
-111
-199
-207
-101
-62
-127
-180
-225
-201
-183
-213
-174
-106
-34
55
42
-63
-110
-72
-91
-88
6
34
-78
-176
-224
-243
-235
-166
-119
-134
-142
-113
-47
-16
-14
40
62
-18
-98
-182
-212
-185
-167
-188
-177
-115
-60
-65
-114
-145
-153
-137
-88
-32
13
21
-51
-101
-119
-150
-168
-107
-91
-111
-100
-104
-171
-189
-205
-200
-137
-40
36
45
-24
-136
-209
-183
-56
-9
39
129
110
30
-126
-204
-234
-247
-247
-189
-118
-97
-147
-134
-61
48
134
16
-74
-92
-102
-133
-206
-236
-247
-252
-189
-36
32
-16
-133
-181
-107
42
41
-61
-146
-198
-209
-204
-198
-152
-119
-79
-17
39
42
17
-9
-53
-137
-193
-230
-242
-220
-168
-166
-188
-187
-153
-80
-6
73
136
97
16
-84
-181
-225
-240
-198
-159
-184
-227
-229
-170
-79
10
52
59
21
-77
-164
-180
-170
-143
-156
-170
-146
-160
-196
-172
-90
-50
-27
-21
15
-35
-111
-124
-159
-112
-60
-133
-203
-198
-143
-90
-89
-127
-193
-181
-74
39
108
94
-58
-178
-172
-154
-151
-164
-172
-145
-107
-125
-150
-183
-203
-174
-112
-37
26
57
100
97
-18
-156
-216
-233
-147
7
82
-59
-179
-225
-243
-246
-223
-159
-68
37
133
64
-36
-76
-114
-86
-126
-201
-193
-142
-117
-137
-170
-173
-129
-28
31
-40
-167
-220
-237
-132
-37
81
135
37
-99
-181
-185
-153
-128
-139
-109
-63
-166
-213
-93
-22
-25
-1
-46
-149
-214
-238
-171
-58
-55
-164
-219
-232
-75
115
192
129
-11
-156
-215
-235
-159
-36
8
-53
-153
-210
-192
-153
-141
-139
-157
-105
-60
-1
68
5
-52
-120
-175
-200
-158
-128
-105
-104
-143
-191
-194
-140
-36
-37
-112
-93
-68
-96
-77
-33
-42
-76
-103
-147
-178
-214
-218
-185
-155
-122
-71
30
51
-20
-88
-178
-205
-105
-58
-73
-75
-115
-154
-184
-191
-182
-161
-136
-108
-63
-33
11
35
0
-75
-156
-214
-202
-157
-116
-112
-135
-147
-143
-132
-122
-117
-111
-106
-101
-99
-95
-90
-70
-65
-92
-112
-120
-117
-107
-98
-90
-97
-109
-118
-115
-106
-98
-87
-87
-110
-120
-119
-115
-108
-103
-100
-99
-100
-100
-99
-98
-97
-100
-105
-106
-106
-103
-99
-98
-93
-87
-92
-92
-95
-106
-112
-111
-107
-105
-104
-101
-98
-98
-97
-100
-102
-96
-93
-98
-108
-114
-114
-111
-109
-108
-107
-107
-106
-105
-105
-104
-104
-103
-102
-103
-103
-102
-103
-104
-104
-104
-104
-104
-103
-104
-103
-102
-101
-101
-103
-104
-105
-105
-106
-107
-107
-107
-106
-106
-105
-104
-104
-105
-105
-105
-105
-106
-107
-108
-107
-107
-107
-108
-108
-108
-107
-106
-105
-104
-105
-106
-106
-106
-107
-107
-106
-105
-105
-106
-105
-105
-104
-106
-106
-105
-105
-106
-107
-107
-106
-107
-107
-107
-106
-105
-105
-104
-103
-103
-103
-103
-104
-105
-107
-106
-106
-106
-106
-107
-106
-106
-107
-109
-107
-107
-108
-107
-106
-105
-106
-106
-106
-106
-106
-105
-105
-106
-107
-108
-108
-107
-108
-108
-108
-107
-106
-106
-107
-107
-106
-107
-107
-107
-106
-106
-106
-106
-105
-106
-107
-107
-107
-107
-107
-107
-107
-107
-108
-108
-108
-107
-108
-107
-106
-107
-108
-107
-107
-106
-108
-108
-107
-107
-107
-107
-107
-107
-107
-108
-108
-108
-106
-106
-106
-106
-105
-107
-107
-106
-106
-106
-105
-105
-106
-106
-107
-107
-106
-106
-107
-107
-107
-107
-107
-107
-106
-106
-107
-107
-106
-106
-107
-108
-108
-108
-108
-107
-107
-106
-106
-107
-107
-108
-108
-109
-109
-109
-108
-107
-107
-106
-106
-107
-107
-107
-106
-106
-106
-106
-106
-106
-107
-107
-106
-106
-106
-106
-106
-107
-107
-107
-106
-105
-105
-104
-103
-102
