-11365
-106
-107
-107
-107
-106
-105
-104
-103
-102
-102
-102
-103
-103
-104
-105
-106
-107
-107
-107
-108
-107
-106
-107
-107
-107
-107
-107
-108
-108
-107
-107
-107
-107
-106
-107
-107
-107
-106
-106
-106
-105
-106
-107
-106
-107
-106
-106
-105
-106
-105
-106
-106
-105
-105
-106
-106
-106
-106
-105
-105
-104
-105
-105
-104
-105
-106
-105
-105
-106
-107
-106
-106
-105
-105
-105
-104
-104
-104
-105
-104
-104
-104
-104
-105
-105
-105
-106
-106
-105
-106
-106
-106
-107
-107
-108
-108
-107
-107
-106
-107
-107
-107
-107
-106
-106
-105
-105
-105
-105
-106
-106
-105
-105
-105
-105
-106
-106
-106
-105
-105
-105
-105
-106
-106
-105
-105
-106
-106
-106
-106
-105
-105
-105
-105
-105
-106
-106
-106
-105
-105
-105
-106
-105
-106
-106
-106
-106
-105
-105
-105
-105
-105
-105
-105
-106
-105
-105
-105
-105
-106
-106
-107
-106
-106
-105
-105
-106
-105
-106
-107
-107
-107
-107
-107
-107
-106
-105
-105
-106
-105
-103
-102
-103
-102
-102
-102
-102
-104
-105
-106
-107
-106
-106
-106
-107
-107
-107
-107
-106
-106
-107
-107
-107
-106
-106
-106
-106
-107
-106
-106
-106
-106
-107
-107
-108
-108
-107
-106
-105
-105
-105
-105
-105
-104
-104
-104
-103
-103
-104
-103
-103
-103
-103
-104
-104
-103
-103
-103
-103
-104
-104
-104
-103
-103
-102
-103
-104
-103
-104
-105
-105
-105
-105
-105
-105
-105
-105
-105
-106
-105
-105
-105
-105
-104
-104
-105
-106
-105
-105
-105
-106
-107
-106
-107
-107
-107
-106
-106
-106
-106
-105
-104
-103
-105
-106
-106
-107
-107
-106
-106
-106
-106
-106
-105
-105
-105
-105
-105
-105
-105
-105
-104
-104
-104
-104
-103
-103
-103
-103
-103
-104
-104
-103
-103
-103
-103
-104
-103
-104
-104
-105
-105
-105
-105
-106
-105
-104
-105
-104
-104
-104
-104
-105
-105
-104
-104
-104
-105
-105
-104
-105
-105
-104
-106
-107
-107
-106
-106
-105
-105
-105
-106
-106
-106
-106
-105
-105
-105
-104
-103
-103
-102
-102
-102
-102
-104
-106
-107
-107
-107
-107
-106
-106
-106
-106
-106
-106
-105
-105
-105
-105
-106
-106
-107
-106
-106
-106
-104
-103
-103
-103
-103
-104
-104
-103
-104
-104
-104
-104
-104
-104
-104
-104
-104
-104
-104
-104
-104
-105
-105
-105
-105
-104
-103
-103
-104
-104
-104
-104
-104
-104
-103
-104
-105
-105
-105
-104
-104
-103
-102
-103
-104
-104
-103
-103
-104
-104
-104
-104
-104
-104
-105
-105
-104
-105
-105
-104
-104
-105
-106
-106
-105
-105
-105
-105
-105
-105
-104
-103
-104
-104
-104
-103
-103
-104
-104
-104
-105
-105
-105
-106
-105
-105
-105
-106
-106
-105
-105
-104
-104
-103
-105
-104
-104
-104
-104
-105
-105
-105
-105
-105
-105
-105
-104
-103
-104
-104
-105
-105
-105
-104
-103
-104
-105
-106
-106
-105
-105
-105
-104
-104
-104
-104
-104
-104
-105
-105
-104
-104
-105
-105
-105
-105
-104
-105
-106
-106
-106
-107
-107
-107
-108
-108
-107
-106
-106
-106
-106
-106
-106
-106
-105
-105
-104
-104
-103
-102
-102
-103
-103
-104
-104
-104
-106
-107
-108
-107
-107
-107
-106
-105
-105
-104
-104
-104
-104
-104
-106
-106
-106
-106
-105
-104
-104
-105
-105
-107
-107
-108
-107
-106
-106
-106
-105
-105
-106
-107
-106
-105
-106
-106
-106
-104
-103
-104
-104
-104
-104
-104
-104
-104
-103
-103
-104
-104
-104
-104
-104
-104
-104
-104
-105
-104
-103
-103
-106
-105
-105
-104
-105
-105
-105
-105
-105
-106
-106
-106
-106
-106
-106
-105
-104
-105
-105
-106
-106
-105
-104
-104
-104
-104
-105
-105
-105
-105
-104
-104
-103
-103
-104
-104
-105
-105
-104
-104
-103
-103
-105
-105
-104
-103
-103
-103
-103
-102
-102
-102
-103
-104
-106
-109
-110
-107
-104
-102
-101
-101
-101
-102
-101
-101
-102
-103
-103
-103
-103
-104
-106
-107
-107
-106
-105
-105
-105
-107
-108
-108
-109
-108
-106
-106
-105
-104
-103
-103
-104
-106
-108
-110
-111
-110
-108
-109
-109
-108
-106
-104
-104
-106
-107
-106
-105
-103
-103
-104
-104
-103
-104
-108
-115
-121
-121
-112
-97
-89
-91
-96
-98
-98
-97
-99
-103
-106
-104
-103
-104
-109
-115
-120
-120
-114
-109
-107
-107
-109
-112
-115
-114
-105
-96
-91
-89
-90
-94
-97
-99
-101
-103
-105
-107
-109
-111
-112
-113
-114
-110
-105
-107
-109
-112
-116
-116
-110
-103
-101
-104
-100
-93
-90
-93
-100
-106
-107
-105
-99
-95
-101
-111
-118
-120
-113
-104
-101
-104
-106
-104
-99
-96
-100
-103
-105
-110
-116
-121
-122
-115
-108
-98
-92
-91
-98
-106
-111
-111
-107
-105
-108
-110
-111
-110
-109
-110
-112
-113
-112
-108
-105
-104
-106
-112
-121
-129
-127
-115
-98
-87
-85
-89
-96
-99
-100
-97
-91
-93
-95
-102
-103
-103
-108
-111
-111
-114
-123
-129
-127
-119
-111
-95
-75
-68
-71
-77
-82
-87
-97
-104
-96
-95
-103
-108
-114
-115
-119
-117
-105
-96
-108
-96
-60
-35
-42
-71
-112
-148
-141
-89
-57
-106
-151
-158
-148
-131
-125
-139
-138
-141
-134
-121
-112
-108
-94
-62
-42
-55
-83
-96
-105
-112
-104
-112
-134
-145
-144
-132
-114
-91
-84
-110
-150
-139
-74
-35
-59
-79
-69
-83
-127
-152
-144
-116
-118
-128
-115
-113
-105
-77
-68
-95
-136
-147
-131
-111
-101
-90
-82
-53
-22
-24
-81
-156
-189
-169
-126
-110
-118
-117
-70
-50
-100
-144
-130
-113
-105
-105
-125
-143
-117
-84
-101
-112
-52
-6
-60
-137
-175
-183
-156
-123
-93
-85
-87
-107
-115
-113
-100
-104
-94
-75
-45
-51
-96
-151
-177
-156
-127
-127
-126
-107
-107
-117
-101
-80
-36
-7
-80
-133
-141
-123
-114
-131
-157
-148
-117
-73
-72
-83
-91
-129
-148
-130
-124
-154
-117
-64
-55
-22
42
24
-48
-89
-143
-191
-213
-224
-221
-199
-161
-125
-56
0
3
-5
-52
-125
-178
-162
-110
-86
-98
-101
-96
-115
-141
-140
-99
-39
-29
-105
-151
-104
-60
-72
-133
-161
-159
-135
-108
-90
-46
-24
-41
-90
-134
-158
-175
-165
-122
-64
-88
-120
-104
-67
-36
-84
-150
-155
-126
-122
-128
-120
-99
-99
-68
-48
-81
-103
-116
-136
-138
-130
-111
-88
-95
-114
-114
-86
-35
-9
-62
-136
-179
-171
-139
-143
-127
-79
-26
-24
-109
-134
-81
-65
-99
-124
-149
-170
-151
-131
-132
-133
-107
-97
-115
-118
-77
-14
12
-28
-112
-137
-108
-130
-164
-142
-115
-124
-151
-159
-121
-76
-53
-54
-78
-112
-127
-124
-116
-77
-27
0
10
-1
-36
-90
-152
-175
-189
-174
-126
-101
-137
-161
-160
-160
-110
-53
-24
-42
-94
-150
-170
-177
-184
-152
-64
-6
-7
-63
-71
-77
-118
-169
-188
-160
-146
-166
-179
-134
-78
-51
-21
-44
-83
-91
-74
-39
-53
-107
-129
-110
-117
-131
-167
-189
-192
-174
-117
-87
-99
-63
1
37
6
-50
-153
-216
-208
-150
-117
-93
-71
-89
-143
-108
-41
-12
-11
-41
-91
-135
-164
-158
-162
-181
-198
-201
-167
-80
-42
-51
-87
-129
-147
-119
-86
-116
-119
-93
-83
-103
-91
-42
-55
-123
-177
-194
-149
-96
-78
-70
-48
-71
-115
-143
-168
-119
-65
-73
-131
-161
-125
-87
-68
-80
-130
-108
-86
-106
-108
-101
-99
-106
-99
-59
-21
-34
-99
-158
-179
-187
-174
-158
-144
-121
-89
-61
-49
-50
-65
-63
-61
-102
-165
-151
-92
-77
-95
-121
-141
-102
-84
-110
-105
-94
-85
-107
-149
-162
-157
-131
-93
-64
-33
-62
-114
-130
-97
-89
-117
-135
-151
-117
-100
-112
-96
-67
-78
-143
-173
-125
-46
-18
-25
-73
-153
-162
-129
-116
-121
-104
-109
-122
-117
-149
-139
-100
-105
-91
-9
0
-77
-139
-161
-182
-201
-164
-105
-48
-14
-34
-95
-155
-152
-126
-110
-104
-122
-138
-132
-90
-81
-108
-122
-106
-85
-85
-91
-93
-98
-115
-136
-91
-39
-51
-117
-173
-178
-126
-77
-61
-78
-98
-94
-78
-76
-103
-131
-143
-135
-136
-133
-91
-31
-26
-69
-121
-145
-145
-141
-143
-131
-94
-97
-127
-150
-119
-64
-48
-42
-65
-94
-123
-115
-83
-86
-124
-127
-126
-135
-129
-96
-100
-121
-72
-56
-111
-150
-130
-101
-102
-121
-159
-108
-48
-79
-107
-40
19
-48
-152
-214
-214
-171
-137
-126
-103
-85
-82
-106
-119
-99
-49
-29
-81
-122
-135
-140
-122
-90
-108
-116
-102
-110
-125
-100
-63
-71
-99
-105
-109
-133
-146
-125
-122
-124
-91
-62
-59
-78
-69
-54
-110
-158
-188
-208
-149
-63
-36
-103
-148
-118
-45
-19
-64
-112
-120
-123
-148
-157
-126
-135
-162
-136
-71
-46
-92
-132
-123
-61
-7
-31
-75
-134
-163
-135
-111
-115
-113
-105
-127
-142
-139
-129
-97
-9
96
67
-71
-167
-206
-229
-182
-80
-12
-54
-116
-53
21
22
-65
-134
-155
-91
-30
1
-65
-181
-225
-243
-231
-231
-219
-163
-107
-17
75
79
-52
-176
-185
-171
-146
-36
5
-90
-165
-219
-200
-82
-26
-55
-144
-190
-117
-89
-97
-52
-42
-118
-152
-122
-132
-165
-128
-91
-32
-29
-97
-148
-140
-105
-155
-199
-136
-64
-39
-50
-147
-207
-136
-12
25
13
-87
-170
-222
-232
-123
-35
-15
-36
-81
-159
-217
-232
-136
9
79
20
-127
-203
-143
-102
-116
-60
18
23
-95
-183
-173
-112
-147
-188
-180
-182
-171
-112
-5
122
37
-134
-207
-236
-247
-238
-118
35
154
129
-41
-168
-220
-241
-241
-101
43
123
56
-82
-186
-227
-244
-227
-123
47
161
98
-19
-98
-87
-11
-63
-178
-224
-243
-250
-253
-192
52
176
207
-26
-165
-219
-216
-96
-11
31
62
-13
-147
-213
-238
-248
-251
-152
-6
65
66
49
12
-93
-183
-142
-90
-116
-137
-112
1
21
-18
-75
-1
13
-117
-202
-234
-247
-252
-252
-155
34
168
103
-93
-59
-72
-178
-224
-243
-250
-127
104
196
157
-73
-183
-226
-244
-162
81
173
58
-106
-196
-204
-201
-179
-132
-143
-203
-211
-130
75
168
96
-72
-154
-214
-238
-210
-105
-51
-92
-193
-139
-24
-60
-167
-215
-160
-77
38
146
91
-85
-188
-228
-223
-109
-62
-66
-122
-204
-173
-136
-164
-135
-27
33
86
24
-64
-181
-191
-121
-76
-97
-129
-197
-213
-158
-90
-93
22
157
215
72
-120
-202
-233
-218
-169
-144
-192
-231
-244
-169
-88
71
182
210
-14
-159
-176
-119
-38
-64
-169
-221
-241
-246
-127
-12
40
46
-34
-81
-42
-88
-155
-215
-239
-249
-190
40
171
218
23
-146
-183
-155
-202
-234
-238
-246
-239
-183
-130
-98
-52
21
63
82
106
9
-138
-209
-237
-246
-165
-28
63
35
-49
-120
-137
-121
-54
-78
-84
-95
-173
-222
-217
-90
63
116
67
-42
-167
-220
-241
-249
-252
-192
-1
154
113
31
-81
-97
-142
-197
-211
-181
-107
-70
-86
-183
-227
-184
-26
85
185
192
1
-150
-213
-238
-216
-141
-141
-107
-66
-19
-87
-162
-145
24
165
138
-71
-182
-221
-210
-213
-193
-90
50
88
-63
-181
-223
-177
-103
-38
-65
-73
-40
-56
-135
-135
-31
17
-46
-122
-162
-214
-238
-163
-22
-48
-71
3
-32
-104
-46
-21
-36
-120
-199
-233
-246
-219
-133
-72
-23
27
20
-49
-18
-38
-106
-197
-213
-128
-77
-126
-168
-196
-162
-51
-3
-37
-53
-68
-84
-71
-52
-83
-157
-164
-135
-173
-223
-171
-12
92
99
-52
-169
-213
-157
-64
-25
-115
-163
-160
-165
-102
95
192
142
70
-23
-159
-217
-239
-248
-224
-125
-68
-67
-163
-192
-171
-133
-101
-69
-81
-100
-138
-91
-84
-36
42
10
-62
-14
27
-48
-169
-221
-241
-250
-253
-209
-96
-64
-45
48
166
112
-21
-46
-124
-190
-198
-183
-176
-180
-155
-155
-195
-198
-74
60
83
-2
-89
-145
-135
-166
-189
-158
-137
-74
-20
-73
-181
-177
-130
-112
-74
-21
67
73
-94
-192
-230
-212
-64
66
0
-123
-170
-157
-98
-82
-137
-166
-107
-58
-84
-155
-205
-144
-1
46
-42
-54
-52
-170
-222
-210
-131
-100
-18
-30
-110
-124
-99
-112
-135
-145
-114
-82
-93
-138
-160
-161
-159
-96
-27
12
33
-22
-86
-121
-86
-55
-91
-183
-223
-201
-139
-116
-114
-113
-99
-113
-115
-6
14
-48
-77
-93
-135
-171
-185
-192
-180
-152
-110
-40
-41
-35
2
-31
-131
-134
-77
-73
-124
-191
-216
-187
-154
-137
-93
-35
-7
-9
-12
-66
-95
-119
-149
-173
-165
-168
-148
-144
-157
-114
-17
6
-72
-113
-96
-107
-117
-94
-48
-44
-97
-172
-208
-143
-97
-91
-54
-63
-133
-178
-183
-120
-41
-40
-120
-149
-113
-56
-3
-59
-154
-169
-143
-121
-126
-149
-162
-155
-127
-47
25
48
41
-24
-155
-215
-168
-125
-158
-181
-167
-140
-122
-129
-137
-123
-82
-73
-78
2
106
102
-34
-168
-220
-234
-185
-175
-168
-163
-137
-120
-116
-107
-69
-12
24
39
8
-20
-95
-179
-225
-225
-173
-143
-133
-118
-112
-90
-48
-55
-126
-107
-71
-106
-123
-61
-40
-61
-108
-164
-189
-169
-145
-109
-105
-109
-90
-52
-34
-59
-70
-112
-188
-186
-136
-98
-68
-65
-107
-141
-129
-114
-103
-45
-30
-68
-111
-139
-123
-82
-128
-144
-141
-151
-126
-90
-58
-23
-42
-57
-82
-105
-140
-150
-142
-154
-178
-175
-153
-143
-108
-86
-88
-73
-39
-10
0
68
9
-128
-205
-235
-242
-215
-174
-105
-66
-114
-140
-130
-93
-52
-10
16
58
50
-44
-143
-177
-222
-242
-234
-162
-122
-132
-145
-128
-63
0
-50
-78
-78
-48
-51
-73
-122
-165
-185
-188
-179
-153
-122
-130
-140
-132
-122
-89
-51
-6
16
23
-34
-149
-199
-163
-106
-82
-131
-189
-192
-154
-130
-99
-53
-32
-34
4
-54
-138
-179
-171
-135
-123
-109
-73
-82
-141
-161
-161
-125
-120
-99
-56
-50
-48
-35
-12
-69
-113
-101
-163
-199
-200
-190
-142
-99
-82
-89
-122
-100
-42
-62
-136
-114
0
43
-51
-160
-140
-124
-128
-149
-168
-202
-196
-131
-110
-134
-111
-78
-46
-26
-32
-55
-95
-113
-117
-156
-136
-63
-70
-150
-199
-191
-164
-131
-84
-43
-23
-45
-59
-81
-144
-155
-143
-120
-122
-120
-95
-79
-82
-86
-91
-100
-112
-130
-111
-90
-94
-152
-159
-132
-90
-64
-81
-135
-108
-54
-79
-166
-195
-162
-61
-14
-22
-27
-63
-150
-195
-189
-163
-130
-54
-53
-74
-135
-156
-144
-135
-121
-88
-34
-80
-136
-128
-83
-16
11
-68
-150
-186
-148
-138
-160
-140
-98
-98
-110
-90
-97
-105
-87
-39
5
-39
-63
-79
-149
-213
-184
-121
-115
-145
-160
-153
-131
-110
-85
-53
-41
-58
-65
-67
-42
-62
-154
-178
-158
-142
-157
-165
-159
-139
-111
-95
-50
-8
-28
-45
-29
-69
-126
-200
-187
-141
-119
-110
-109
-96
-111
-147
-153
-143
-132
-113
-54
50
86
-30
-163
-199
-178
-129
-96
-100
-129
-158
-171
-168
-137
-109
-126
-131
-58
-26
-75
-103
-103
-67
-106
-127
-128
-91
-70
-62
-83
-124
-150
-160
-144
-96
-38
-29
-114
-174
-150
-138
-86
-51
-63
-104
-151
-161
-147
-119
-76
-58
-39
-23
-76
-167
-159
-74
-33
-78
-130
-152
-182
-181
-154
-121
-96
-73
-43
-39
-88
-94
-54
-71
-123
-159
-134
-54
-29
-64
-126
-167
-172
-147
-131
-109
-97
-77
-34
-13
-66
-137
-186
-186
-184
-170
-144
-130
-116
-115
-122
-89
-32
-28
-63
-103
-120
-122
-81
-42
-33
-99
-171
-173
-108
-90
-93
-108
-112
-152
-156
-144
-114
-68
-27
-44
-106
-95
-60
-82
-136
-159
-152
-140
-127
-125
-138
-124
-70
-58
-92
-107
-72
-49
-45
-66
-71
-90
-158
-201
-159
-160
-176
-148
-147
-126
-98
-92
-106
-110
-107
-72
36
16
-80
-115
-143
-178
-140
-136
-137
-154
-131
-89
-43
-57
-132
-163
-110
-47
-82
-148
-123
-51
-25
-65
-140
-195
-205
-146
-98
-123
-130
-88
-27
-73
-77
-88
-111
-94
-56
-78
-146
-143
-134
-113
-93
-90
-122
-149
-124
-88
-104
-88
-50
-136
-159
-131
-94
-53
-83
-113
-130
-135
-135
-117
-79
-75
-109
-134
-132
-82
9
-16
-100
-166
-198
-144
-115
-151
-142
-114
-102
-82
-81
-110
-111
-103
-53
14
-85
-140
-143
-127
-85
-108
-132
-144
-148
-120
-94
-87
-110
-129
-129
-90
-46
-67
-133
-128
-78
1
52
-75
-185
-182
-166
-168
-155
-121
-98
-120
-138
-120
-55
-21
-69
-46
-6
-78
-126
-150
-170
-155
-137
-150
-150
-119
-109
-96
-35
-23
-136
-157
-140
-112
-82
-65
-91
-96
-71
-90
-152
-171
-156
-120
-95
-122
-124
-118
-119
-103
-68
-84
-76
-58
-49
-68
-94
-127
-125
-110
-118
-131
-81
-91
-138
-139
-107
-96
-129
-128
-149
-148
-112
-58
-35
-67
-80
-102
-118
-96
-107
-128
-140
-116
-77
-79
-123
-141
-117
-97
-87
-43
-80
-136
-154
-142
-128
-117
-121
-106
-76
-73
-65
-70
-91
-120
-121
-115
-86
-108
-140
-136
-131
-118
-118
-110
-94
-97
-98
-94
-92
-50
4
-63
-123
-151
-151
-122
-124
-111
-100
-99
-102
-97
-76
-90
-114
-95
-115
-145
-114
-123
-128
-117
-106
-98
-75
-94
-113
-117
-58
-1
-44
-118
-122
-133
-162
-134
-97
-87
-114
-95
-98
-143
-140
-109
-72
-113
-182
-173
-147
-125
-95
-68
-56
-56
-54
-94
-137
-128
-87
-61
-43
-55
-129
-150
-135
-136
-162
-159
-116
-90
-91
-94
-87
-87
-130
-137
-87
-48
-38
-52
-122
-151
-150
-147
-116
-93
-83
-100
-119
-120
-110
-88
-58
-58
-83
-104
-122
-107
-101
-138
-142
-96
-71
-70
-105
-131
-125
-130
-129
-128
-123
-78
-53
-79
-128
-133
-105
-63
-78
-125
-162
-165
-161
-138
-108
-106
-104
-97
-114
-108
-76
-80
-107
-118
-128
-118
-105
-80
-36
-42
-96
-139
-130
-113
-71
-51
-64
-121
-147
-118
-91
-90
-139
-137
-133
-124
-116
-116
-115
-129
-145
-113
-28
-3
-52
-36
-52
-111
-154
-177
-167
-129
-74
-22
-116
-189
-198
-163
-121
-125
-144
-112
-3
82
158
131
66
33
-97
-193
-230
-245
-248
-239
-212
-169
-148
-140
-136
-133
-112
-58
-49
-76
-83
-62
-56
-83
-128
-172
-160
-137
-84
13
60
-19
-137
-170
-170
-149
-136
-131
-129
-115
-148
-154
-113
-70
-78
-108
-103
-105
-98
-118
-123
-117
-50
47
135
65
-44
-169
-175
-83
-22
7
-88
-188
-228
-244
-251
-233
-188
-90
35
69
27
-50
-124
-141
-186
-199
-164
-69
-18
-90
-189
-229
-239
-204
-153
-118
-98
-82
-44
58
27
-77
-82
-85
-149
-168
-115
-95
-110
-134
-104
-69
-88
-121
-151
-172
-150
-140
-142
-137
-69
-26
-37
13
-21
-100
-81
-123
-196
-180
-81
-121
-184
-173
-122
-80
-65
-113
-121
-30
-14
-121
-155
-126
-81
-15
54
-14
-158
-212
-234
-199
-140
-145
-113
-55
6
27
-62
-160
-216
-202
-151
-149
-112
-12
18
3
-58
-143
-158
-145
-154
-178
-167
-157
-135
-96
-71
-51
6
38
32
0
-137
-192
-134
-49
-82
-119
-153
-153
-154
-164
-173
-175
-159
-155
-163
-167
-152
-82
-24
-72
-28
130
176
14
-139
-209
-236
-247
-221
-203
-174
-149
-126
-96
-59
-29
-6
-18
-52
-73
-12
-16
-76
-108
-122
-198
-226
-219
-216
-200
-178
-124
-94
-80
-65
-60
-18
43
-14
-46
-69
-64
-50
-148
-213
-238
-245
-213
-174
-91
79
176
131
50
-9
-81
-176
-190
-93
-21
-90
-142
-196
-209
-136
-64
-114
-198
-232
-176
-46
-39
-151
-206
-141
-63
-44
-65
-54
-102
-189
-229
-241
-166
-25
40
-51
-169
-219
-153
22
91
-30
-168
-219
-216
-159
-60
-4
13
-12
-78
-138
-202
-221
-108
5
-32
-130
-144
-118
-153
-182
-162
-129
-59
-24
-22
-27
39
94
18
-86
-184
-227
-244
-228
-205
-169
-140
-145
-56
12
18
9
2
-11
-48
-142
-211
-237
-241
-160
-51
-5
-38
-55
-66
-117
-115
-173
-211
-179
-185
-184
-152
-91
-37
-14
-45
-129
-151
-109
9
78
65
-31
-156
-216
-239
-236
-160
-65
-25
-40
-73
-55
-19
0
-25
-110
-113
-101
-147
-168
-190
-190
-192
-154
-96
-38
1
-30
-128
-206
-235
-220
-82
31
23
-92
-155
-163
-121
-77
-12
11
-37
-100
-133
-152
-160
-167
-170
-98
-49
-34
-35
-70
-86
0
1
-67
-110
-167
-219
-234
-182
-111
-69
-68
-98
-157
-141
-52
8
29
22
-12
-38
-38
-67
-165
-219
-231
-147
-86
-75
-156
-217
-240
-195
-17
106
119
5
-139
-209
-193
-90
-60
-63
-105
-143
-155
-87
-42
-115
-179
-175
-135
-100
-49
-54
-60
-46
-96
-117
-87
-47
-73
-144
-176
-107
-60
-29
-73
-138
-157
-123
-57
-63
-87
-64
-45
-48
-6
-2
5
-27
-54
-152
-215
-239
-248
-172
7
105
9
-138
-209
-173
-118
-108
-103
-142
-200
-227
-169
-73
-42
-82
-84
-98
-156
-134
-95
-24
50
73
-17
-115
-157
-210
-193
-132
-152
-196
-224
-186
-101
-89
-71
62
147
88
-84
-188
-228
-243
-136
-9
89
32
-90
-159
-155
-130
-118
-105
-80
-20
-111
-199
-233
-239
-148
-62
7
8
-32
-38
22
23
4
-15
-31
-48
-136
-185
-217
-239
-220
-239
-249
-251
-207
-64
60
81
78
-54
-163
-216
-187
-94
0
19
-61
-161
-187
-147
-120
-94
-57
-80
-162
-219
-190
-159
-188
-185
-46
134
196
64
-126
-204
-234
-202
-132
-88
-95
-103
-44
53
95
70
19
-138
-173
-74
-53
-109
-130
-196
-231
-245
-240
-105
-32
-43
-55
-73
-134
-99
-19
-3
-23
-56
-79
-174
-220
-208
-176
-191
-231
-244
-184
-87
-53
50
117
65
-56
-161
-208
-159
-88
-13
-45
-165
-220
-241
-248
-210
-116
-56
-80
-120
-60
54
81
-51
-177
-214
-181
-149
-162
-168
-154
-126
-111
-134
-150
-140
-126
-116
-108
-100
-87
-62
-34
-32
-56
-72
-126
-158
-146
-128
-133
-131
-127
-119
-128
-130
-117
-110
-107
-110
-113
-112
-113
-114
-111
-107
-105
-104
-103
-104
-104
-100
-95
-94
-96
-87
-67
-60
-73
-91
-111
-122
-130
-141
-148
-152
-143
-117
-89
-80
-83
-88
-92
-97
-100
-102
-103
-104
-102
-101
-102
-102
-103
-104
-105
-106
-106
-107
-108
-110
-109
-109
-110
-110
-110
-110
-112
-112
-112
-111
-109
-110
-110
-109
-109
-109
-109
-109
-108
-108
-109
-108
-108
-108
-109
-108
-108
-108
-109
-109
-109
-108
-109
-109
-109
-110
-111
-111
-110
-109
-109
-109
-109
-108
-108
-109
-110
-110
-110
-109
-107
-107
-107
-108
-107
-107
-107
-107
-107
-107
-108
-108
-108
-108
-108
-108
-109
-109
-107
-106
-106
-107
-107
-108
-108
-108
-108
-107
