-5193
-107
-106
-105
-105
-105
-105
-105
-105
-105
-106
-106
-105
-105
-105
-106
-104
-104
-104
-104
-104
-105
-106
-107
-106
-107
-107
-106
-105
-105
-105
-105
-104
-103
-103
-104
-104
-104
-104
-105
-105
-105
-106
-106
-105
-104
-105
-106
-107
-106
-106
-106
-105
-106
-106
-106
-107
-105
-105
-105
-105
-106
-106
-106
-106
-105
-106
-107
-108
-107
-105
-105
-105
-106
-105
-105
-106
-106
-105
-105
-106
-106
-106
-106
-107
-107
-106
-106
-105
-106
-107
-107
-107
-108
-108
-107
-106
-106
-107
-106
-106
-106
-107
-106
-107
-107
-105
-104
-104
-105
-106
-107
-106
-107
-107
-106
-106
-105
-107
-107
-106
-105
-106
-106
-106
-107
-107
-106
-106
-105
-106
-106
-105
-105
-105
-106
-105
-107
-106
-106
-105
-105
-106
-105
-105
-105
-105
-104
-103
-101
-101
-102
-102
-102
-102
-103
-104
-105
-106
-108
-109
-108
-108
-108
-107
-106
-107
-107
-107
-107
-107
-107
-106
-106
-105
-106
-105
-106
-105
-105
-106
-106
-106
-106
-106
-107
-106
-106
-106
-106
-105
-104
-105
-106
-106
-107
-107
-108
-108
-108
-107
-106
-105
-105
-105
-106
-106
-105
-105
-107
-107
-105
-105
-105
-105
-105
-104
-105
-106
-105
-105
-105
-105
-104
-103
-103
-105
-105
-105
-105
-106
-106
-105
-104
-106
-106
-106
-105
-105
-105
-103
-102
-103
-103
-104
-103
-104
-104
-104
-105
-106
-106
-106
-105
-106
-106
-106
-106
-107
-107
-107
-106
-105
-106
-106
-106
-106
-105
-104
-104
-104
-105
-106
-105
-104
-104
-104
-104
-104
-104
-104
-104
-105
-105
-105
-105
-105
-104
-104
-104
-104
-103
-103
-103
-104
-104
-104
-104
-104
-104
-104
-104
-104
-104
-104
-104
-105
-104
-104
-104
-106
-106
-107
-107
-107
-106
-106
-106
-106
-105
-105
-105
-105
-106
-103
-101
-101
-101
-101
-100
-101
-102
-102
-104
-105
-105
-105
-106
-106
-106
-105
-104
-104
-105
-105
-105
-105
-106
-105
-106
-107
-107
-107
-107
-107
-108
-108
-109
-109
-110
-111
-112
-112
-113
-112
-112
-112
-111
-111
-112
-111
-111
-111
-111
-111
-109
-108
-108
-109
-110
-110
-110
-110
-110
-109
-109
-110
-109
-108
-108
-108
-107
-108
-108
-108
-109
-109
-109
-109
-108
-108
-108
-108
-108
-108
-108
-108
-108
-108
-107
-107
-107
-106
-106
-107
-108
-107
-106
-107
-107
-107
-106
-107
-107
-107
-107
-107
-107
-106
-106
-107
-107
-107
-106
-107
-108
-107
-107
-106
-107
-108
-108
-108
-108
-108
-108
-107
-107
-106
-106
-106
-106
-106
-107
-106
-106
-105
-105
-106
-107
-107
-106
-106
-107
-106
-107
-107
-106
-105
-105
-106
-106
-105
-105
-105
-105
-105
-106
-105
-105
-106
-106
-106
-106
-106
-106
-106
-106
-107
-107
-106
-105
-105
-105
-106
-106
-106
-106
-105
-105
-105
-105
-105
-105
-105
-106
-106
-106
-106
-105
-105
-105
-103
-103
-103
-101
-101
-101
-103
-105
-106
-106
-106
-105
-106
-107
-108
-108
-108
-107
-108
-108
-107
-107
-107
-105
-105
-105
-106
-107
-107
-106
-107
-107
-107
-107
-107
-108
-107
-107
-107
-107
-106
-105
-104
-105
-106
-106
-106
-106
-107
-107
-107
-107
-106
-106
-106
-106
-106
-107
-107
-107
-107
-107
-106
-105
-105
-106
-105
-105
-105
-105
-105
-104
-105
-105
-105
-106
-106
-106
-105
-104
-105
-106
-106
-107
-107
-107
-106
-105
-106
-106
-106
-106
-106
-106
-106
-105
-106
-106
-106
-106
-106
-106
-106
-105
-105
-105
-105
-104
-104
-104
-104
-105
-104
-104
-104
-104
-103
-103
-104
-105
-105
-104
-104
-104
-103
-104
-104
-104
-104
-104
-104
-104
-104
-104
-102
-100
-100
-100
-104
-107
-108
-107
-107
-108
-106
-102
-102
-107
-108
-111
-111
-111
-110
-109
-107
-106
-105
-105
-105
-104
-103
-99
-98
-102
-104
-103
-105
-108
-109
-108
-109
-111
-113
-112
-110
-108
-107
-107
-106
-105
-106
-108
-107
-101
-95
-94
-96
-97
-99
-97
-93
-94
-99
-105
-107
-108
-104
-104
-104
-102
-98
-95
-93
-89
-83
-82
-89
-100
-109
-111
-112
-116
-111
-101
-91
-84
-95
-116
-121
-116
-102
-84
-85
-104
-118
-117
-117
-133
-135
-125
-111
-101
-96
-102
-111
-115
-112
-102
-90
-88
-85
-77
-95
-130
-151
-151
-134
-107
-100
-114
-127
-127
-115
-95
-73
-72
-85
-98
-105
-106
-112
-126
-134
-129
-115
-109
-102
-98
-100
-99
-80
-74
-71
-72
-83
-94
-101
-116
-131
-143
-148
-150
-133
-102
-72
-67
-94
-114
-120
-104
-87
-62
-43
-63
-108
-138
-152
-166
-163
-136
-96
-65
-52
-57
-80
-99
-119
-120
-108
-98
-103
-120
-133
-124
-102
-102
-115
-128
-128
-126
-122
-112
-95
-87
-93
-110
-119
-117
-123
-124
-115
-103
-107
-112
-106
-74
-59
-85
-131
-150
-137
-122
-113
-101
-74
-79
-114
-118
-85
-56
-54
-85
-123
-156
-183
-166
-126
-107
-107
-113
-115
-122
-117
-80
-41
-27
-43
-71
-102
-138
-166
-136
-99
-109
-141
-139
-100
-73
-69
-84
-94
-89
-99
-137
-170
-180
-155
-110
-85
-87
-76
-61
-40
-41
-54
-82
-138
-160
-142
-124
-164
-196
-194
-130
-68
-68
-109
-136
-87
-30
12
7
-86
-188
-219
-186
-167
-154
-118
-90
-82
-102
-101
-93
-61
-40
-27
-4
0
-61
-169
-221
-202
-180
-175
-162
-141
-111
-83
-61
-10
8
6
-38
-118
-171
-170
-144
-124
-109
-81
-69
-95
-117
-142
-148
-138
-116
-122
-124
-92
-71
-108
-135
-109
-73
-68
-71
-63
-53
-62
-80
-137
-199
-233
-195
-132
-88
-71
-66
-71
-111
-126
-125
-73
-37
-68
-122
-162
-155
-101
-61
-43
-62
-91
-107
-131
-151
-133
-102
-50
34
54
-10
-113
-199
-233
-226
-155
-83
-82
-104
-54
-7
-8
-33
-76
-121
-160
-183
-189
-154
-110
-97
-102
-112
-91
-56
-37
-68
-119
-142
-95
-38
-58
-119
-111
-86
-140
-209
-209
-143
-93
-83
-65
-35
-29
-46
-58
-62
-120
-167
-185
-215
-230
-164
-106
-98
-82
-47
-39
-9
14
2
-38
-113
-169
-175
-172
-161
-146
-153
-207
-218
-103
-9
28
33
13
-34
-127
-204
-209
-170
-154
-127
-76
-54
-49
-82
-71
-59
-101
-120
-148
-157
-119
-91
-97
-109
-114
-118
-95
-77
-122
-172
-147
-89
-57
-1
0
-75
-137
-157
-141
-113
-120
-148
-166
-160
-122
-83
-81
-103
-106
-78
-49
-28
-8
-12
-77
-163
-214
-175
-104
-77
-144
-210
-189
-146
-109
-97
-74
0
29
-18
-87
-142
-116
-53
-74
-139
-179
-201
-176
-132
-113
-98
-85
-43
20
24
-56
-85
-110
-173
-223
-241
-143
-33
-52
-115
-137
-124
-98
-69
-38
-46
-106
-131
-124
-114
-102
-96
-93
-93
-97
-80
-85
-85
-89
-117
-126
-146
-167
-129
-115
-104
-81
-80
-82
-55
-39
-89
-165
-172
-110
-79
-122
-131
-114
-104
-131
-126
-98
-91
-91
-53
19
55
-15
-149
-213
-238
-197
-132
-119
-100
-102
-86
0
51
23
-46
-129
-184
-186
-180
-165
-131
-77
-38
-24
-84
-128
-146
-157
-116
-75
-82
-106
-123
-87
-69
-61
-79
-154
-214
-193
-140
-88
-68
-69
-38
-48
-114
-146
-160
-207
-204
-164
-60
62
56
-72
-123
-90
-104
-141
-161
-163
-202
-234
-205
-70
64
102
46
-18
-90
-160
-217
-239
-215
-180
-156
-116
-68
2
15
-68
-144
-129
-57
-45
-96
-149
-168
-144
-131
-139
-120
-106
-105
-99
-73
-51
-71
-161
-198
-112
3
40
-20
-86
-123
-108
-125
-164
-217
-238
-182
-90
-78
-120
-68
-29
-52
-75
-98
-146
-187
-129
-79
-29
-22
-98
-134
-145
-139
-121
-108
-133
-90
-10
-66
-146
-190
-187
-138
-74
-54
-26
-27
-81
-151
-189
-216
-184
-85
20
-2
-99
-175
-151
-111
-103
-121
-139
-162
-167
-137
-6
135
128
-52
-176
-223
-233
-152
-180
-208
-134
-38
37
43
10
-63
-115
-143
-153
-178
-160
-109
-98
-143
-117
-73
-62
-71
-42
-84
-183
-198
-156
-91
-33
-17
-74
-81
-93
-105
-129
-153
-147
-117
-93
-110
-154
-167
-181
-191
-156
-65
-17
26
96
57
-30
-131
-165
-186
-227
-244
-230
-152
-123
-98
-38
21
3
-57
-111
-28
-39
-118
-123
-73
-38
-84
-119
-159
-216
-240
-219
-165
-129
-64
31
95
88
-56
-178
-214
-166
-93
-61
-61
-88
-166
-219
-182
-158
-185
-101
81
145
-19
-163
-200
-192
-228
-240
-171
27
166
116
-91
-190
-229
-237
-162
-84
-51
-80
-54
-16
8
-5
-73
-93
-47
-11
-96
-193
-226
-221
-231
-165
-68
-34
-59
-95
-178
-206
-86
40
9
-40
-110
-154
-190
-215
-145
-74
-52
-114
-185
-173
-66
-3
-105
-144
-86
-62
-38
-52
-146
-213
-236
-137
-42
-49
-30
63
55
-81
-187
-194
-112
-61
-78
-155
-191
-130
-137
-170
-165
-62
49
74
-98
-194
-231
-202
-23
115
85
-2
-121
-202
-234
-244
-110
-30
87
189
73
-125
-203
-234
-237
-26
145
211
110
-101
-193
-230
-242
-42
139
204
93
-113
-199
-232
-154
-90
-96
-145
-112
-26
-79
-158
-94
-33
-69
-41
-4
-66
-183
-227
-244
-186
-27
86
129
32
-37
-48
-41
-90
-190
-229
-185
-29
45
-43
-170
-221
-242
-247
-131
36
121
100
-35
-55
-105
-156
-132
-99
-111
-185
-227
-156
10
44
-125
-204
-235
-186
-28
-41
-154
-215
-181
-148
-34
90
50
-93
-191
-219
-92
-85
-97
-107
-183
-199
-183
-194
-181
-63
2
57
37
-91
-36
46
-58
-86
-125
-129
-162
-150
-171
-184
-145
-85
-151
-215
-235
-95
36
-30
-43
-1
23
86
93
-11
-157
-216
-240
-244
-109
97
170
16
-143
-210
-237
-241
-209
-85
72
124
123
142
41
-135
-208
-236
-247
-252
-220
-65
50
109
94
65
16
-133
-207
-236
-200
-60
11
55
-15
-130
-206
-236
-129
32
-4
-157
-215
-133
45
109
116
-3
-153
-214
-234
-124
-129
-189
-173
-142
-36
97
122
22
70
-31
-163
-218
-240
-243
-196
-101
40
85
36
-55
-177
-179
56
79
-106
-196
-229
-64
110
114
0
-148
-213
-228
-102
2
-32
-150
-186
-133
-85
-87
-166
-169
-139
-21
69
5
-53
-95
-109
-129
-200
-233
-222
-131
-102
-103
-98
-147
-94
-23
48
81
0
-144
-211
-224
-171
-81
61
117
19
-89
-187
-70
0
-45
-163
-219
-241
-230
-133
-35
31
6
-76
-26
57
67
-84
-188
-228
-172
-21
33
-59
-174
-223
-209
-117
-48
8
66
92
68
-60
-179
-225
-215
-26
75
4
-135
-207
-236
-123
105
126
56
-10
-100
-191
-229
-245
-247
-155
-82
-37
-6
72
32
6
17
60
-12
-156
-113
-151
-215
-222
-152
-58
-77
-100
-129
-169
-169
-84
-43
-45
41
113
7
-124
-164
-190
-229
-244
-203
-200
-235
-245
-144
10
159
217
113
-107
-196
-230
-100
35
-76
-185
-227
-167
43
108
32
-6
-100
-194
-231
-240
-155
-125
-181
-194
-121
-17
45
40
97
32
-68
-173
-222
-242
-247
-172
-142
-161
-124
-64
-42
-38
-16
-46
-79
-159
-163
-85
14
-13
-119
-202
-197
-94
-143
-160
-98
16
23
-58
-152
-196
-195
-166
-130
-113
-139
-126
-76
91
123
-22
-110
-101
-31
-51
-158
-193
-119
-140
-211
-237
-248
-203
-136
-69
-25
-16
-43
107
197
73
-127
-204
-234
-207
-76
-90
-163
-176
-147
-182
-192
-188
-137
-44
9
49
74
7
-112
-157
-162
-212
-237
-201
-148
-167
-161
-97
-87
-108
-57
53
118
66
-30
-129
-193
-183
-144
-152
-150
-147
-192
-207
-171
-163
-182
-181
-115
-56
-30
3
7
-58
-133
-143
-89
-55
-82
-127
-170
-153
-93
-26
-72
-164
-189
-204
-184
-153
-101
-71
-66
-67
-125
-168
-134
-82
-8
26
16
-65
-177
-224
-242
-226
-155
-101
-117
-119
-69
-26
24
47
-14
-106
-189
-175
-177
-187
-153
-130
-131
-136
-107
-83
-76
-101
-118
-93
-74
-101
-91
-61
-110
-131
-132
-160
-136
-78
-50
-76
-122
-125
-119
-138
-164
-161
-149
-152
-111
-3
32
-52
-129
-135
-141
-115
-43
-18
-77
-172
-210
-199
-184
-191
-131
-82
-72
-33
-21
-95
-169
-187
-126
-53
-42
-66
-104
-118
-121
-90
-21
13
-57
-120
-150
-204
-215
-173
-157
-162
-116
-107
-105
-100
-51
37
61
-31
-150
-214
-214
-204
-152
-126
-110
-107
-141
-109
-115
-107
-87
-120
-120
-76
-43
-59
-48
-47
-75
-127
-192
-174
-146
-156
-190
-189
-171
-134
-91
-70
-32
105
157
-26
-165
-192
-137
-91
-119
-143
-185
-190
-179
-161
-135
-126
-125
-75
-19
50
65
-17
-110
-133
-120
-136
-177
-194
-188
-191
-197
-176
-108
-78
-74
-61
-12
14
-43
-140
-152
-100
-36
-21
-98
-154
-129
-155
-171
-164
-139
-140
-160
-156
-73
57
121
77
21
-49
-99
-180
-225
-232
-191
-126
-131
-133
-131
-126
-131
-137
-115
-43
-16
0
12
-8
-88
-127
-152
-169
-172
-165
-150
-126
-91
-57
-70
-67
-54
-67
-65
-47
-89
-149
-195
-204
-184
-171
-143
-125
-105
-7
80
19
-70
-75
-73
-141
-151
-159
-173
-168
-154
-152
-156
-157
-156
-122
-73
-14
135
161
-1
-121
-145
-169
-186
-173
-167
-157
-170
-195
-203
-163
-99
-71
-57
-60
-81
-52
2
17
-38
-100
-141
-185
-209
-173
-144
-123
-87
-54
-42
-94
-138
-137
-91
-35
-35
-46
-83
-146
-178
-148
-68
-38
-86
-155
-165
-152
-165
-150
-108
-74
-77
-56
-46
-112
-137
-94
14
31
-50
-127
-176
-195
-170
-135
-118
-125
-129
-143
-167
-152
-77
-21
-1
32
-14
-77
-112
-173
-213
-186
-128
-114
-133
-146
-130
-109
-108
-114
-83
-24
12
-14
-70
-81
-80
-127
-164
-186
-186
-158
-103
-47
-67
-105
-129
-142
-108
-65
-44
-73
-119
-115
-93
-100
-90
-111
-150
-146
-121
-105
-84
-40
-27
-82
-114
-86
-60
-88
-141
-164
-143
-147
-154
-145
-135
-119
-118
-125
-105
-67
-42
-16
-38
-54
-73
-117
-152
-174
-167
-149
-121
-84
-81
-123
-154
-153
-122
-73
-31
-25
-19
-66
-119
-126
-128
-147
-135
-85
-94
-128
-135
-128
-107
-82
-63
-81
-95
-113
-110
-91
-103
-107
-108
-136
-161
-142
-108
-73
-39
-62
-91
-131
-137
-111
-45
-33
-74
-102
-101
-77
-123
-187
-183
-155
-149
-123
-103
-90
-95
-97
-96
-104
-130
-140
-101
-62
-25
13
-28
-96
-169
-175
-120
-100
-149
-165
-133
-118
-120
-105
-75
-59
-66
-92
-108
-138
-149
-89
-35
-51
-101
-120
-90
-95
-88
-59
-46
-60
-109
-140
-140
-129
-104
-101
-105
-140
-162
-156
-135
-79
-66
-123
-132
-129
-87
-29
-21
-46
-100
-126
-102
-113
-153
-174
-167
-142
-100
-41
-84
-94
-67
-90
-122
-130
-122
-112
-126
-132
-114
-113
-119
-118
-107
-112
-117
-108
-83
-7
16
-16
-107
-155
-169
-190
-174
-123
-95
-88
-76
-70
-51
-44
-46
-74
-114
-133
-145
-140
-138
-123
-113
-117
-90
-100
-136
-143
-103
-51
3
36
-26
-113
-169
-184
-172
-137
-116
-92
-73
-75
-95
-125
-115
-98
-116
-121
-115
-119
-120
-112
-85
-95
-110
-73
-33
-46
-86
-124
-124
-121
-104
-101
-123
-134
-129
-138
-140
-139
-122
-92
-79
-54
-30
-38
-59
-102
-69
-36
-55
-91
-138
-184
-210
-189
-161
-134
-122
-117
-95
-107
-117
-100
-67
-19
-12
-5
-28
-78
-146
-193
-166
-166
-195
-184
-118
-67
-52
-62
-88
-97
-64
-32
-73
-114
-101
-96
-109
-102
-132
-147
-130
-106
-94
-89
-105
-131
-136
-152
-151
-132
-107
-16
61
35
-50
-104
-129
-148
-166
-151
-123
-114
-125
-124
-131
-140
-134
-116
-119
-127
-91
-46
9
25
-43
-109
-160
-209
-201
-168
-145
-124
-106
-102
-95
-90
-131
-115
-73
-73
-77
-98
-119
-125
-101
-81
-84
-91
-96
-106
-111
-99
-77
-63
-79
-108
-160
-170
-134
-109
-85
-90
-111
-128
-136
-135
-112
-68
-54
-49
-41
-67
-125
-165
-135
-95
-107
-129
-149
-149
-135
-114
-118
-101
-42
-36
-47
-44
-92
-172
-157
-98
-71
-92
-131
-149
-139
-124
-126
-130
-82
-17
-8
-64
-115
-88
-74
-75
-126
-164
-171
-158
-144
-142
-148
-131
-82
-28
-2
-13
-37
15
39
-72
-181
-225
-217
-173
-132
-138
-165
-162
-162
-167
-136
-97
-83
-49
-33
-56
-72
-80
-95
-109
-95
-51
-64
-159
-216
-209
-167
-137
-123
-124
-102
-92
-96
-82
-16
-6
-49
-84
-114
-138
-139
-142
-174
-170
-162
-138
-113
-97
-67
-59
-90
-116
-145
-115
-86
-97
-112
-100
-79
-53
-53
-39
-78
-152
-189
-202
-174
-106
-95
-144
-141
-128
-95
-83
-100
-122
-160
-143
-65
-50
-40
-11
-39
-69
-116
-162
-146
-114
-118
-163
-164
-149
-142
-126
-106
-69
-46
-26
-19
-47
-62
-127
-166
-157
-155
-155
-139
-110
-80
-78
-106
-115
-102
-112
-133
-141
-99
-58
-71
-51
7
6
-52
-117
-175
-186
-165
-177
-176
-156
-116
-84
-72
-58
-57
-78
-15
13
-61
-128
-149
-169
-187
-168
-131
-132
-148
-139
-128
-112
-64
-44
-54
-57
-78
-124
-143
-118
-98
-133
-85
-20
-59
-126
-132
-127
-131
-137
-152
-145
-135
-125
-113
-81
-64
-72
-106
-132
-83
-65
-82
-92
-128
-137
-131
-131
-124
-128
-133
-135
-129
-114
-110
-82
-102
-131
-116
-61
31
49
25
-36
-143
-197
-189
-156
-147
-166
-176
-178
-146
-94
-66
-45
-38
-35
-58
-47
-26
-24
-65
-101
-156
-185
-187
-120
-54
-53
-133
-205
-218
-206
-152
-45
-2
-36
-35
-10
-45
-83
-121
-180
-203
-226
-186
-107
-70
-118
-148
-168
-176
-112
-33
-38
-77
-108
-84
-26
-53
-127
-165
-148
-130
-124
-105
-111
-123
-154
-166
-127
-70
-16
15
-5
-82
-117
-132
-139
-153
-118
-106
-60
-76
-113
-146
-138
-126
-150
-156
-145
-115
-25
-32
-126
-159
-163
-146
-86
-36
-30
-52
-62
-58
-58
-36
-17
-95
-189
-219
-165
-86
-40
-85
-185
-216
-219
-203
-167
-79
-65
-79
-68
-67
11
150
148
52
-77
-184
-227
-244
-250
-250
-232
-225
-161
-36
61
24
-98
-176
-178
-112
29
75
-20
-117
-172
-192
-182
-157
-116
-110
-154
-177
-179
-142
-65
-16
-92
-191
-230
-244
-167
-27
21
-33
-143
-210
-225
-124
17
133
152
85
-65
-180
-225
-238
-164
-84
2
17
-34
-116
-196
-232
-244
-183
-98
-14
28
18
-71
-161
-178
-134
-86
-36
9
-9
-69
-149
-176
-153
-188
-228
-236
-176
-107
-74
-75
-44
70
124
25
-91
-128
-132
-141
-182
-224
-243
-238
-200
-97
8
4
-58
-108
-161
-33
45
-99
-136
-86
-131
-205
-235
-165
-2
48
-33
-116
-102
-52
31
10
-123
-188
-153
-116
-181
-226
-231
-246
-251
-164
46
173
211
92
-74
-134
-94
-99
-175
-223
-242
-250
-253
-254
-227
-66
55
104
27
-49
-66
-153
-160
-132
-74
-41
-69
-112
-198
-232
-245
-185
-74
-1
1
-15
-65
-89
-99
-179
-222
-182
-165
-187
-169
-152
-160
-144
-95
-58
0
109
107
-25
-159
-189
-155
-173
-218
-222
-155
-53
-56
-124
-144
-131
-57
-15
-77
-102
-84
-53
-96
-134
-127
-147
-167
-194
-156
-88
57
178
185
-9
-155
-215
-224
-195
-198
-234
-247
-243
-193
-100
6
128
205
192
54
-53
-161
-217
-240
-241
-79
-15
-123
-204
-221
-134
-66
-89
-145
-109
-26
-7
-35
-96
-138
-147
-100
-102
-131
-183
-135
-75
-70
-48
-89
-86
-81
-100
-146
-210
-191
-62
43
50
-104
-196
-169
-81
-33
-43
-58
-102
-194
-231
-173
-53
33
48
-16
-125
-182
-95
-72
-95
-141
-173
-214
-227
-172
-71
26
87
71
-105
-196
-232
-150
50
83
-79
-170
-205
-235
-214
-100
91
131
37
-85
-124
-28
-21
-88
-187
-204
-230
-238
-248
-252
-254
-175
55
177
189
19
-107
-190
-182
-143
-5
138
120
-43
-168
-216
-237
-247
-241
-180
-135
-185
-162
-79
34
90
30
-76
-179
-225
-243
-226
-121
-19
27
-53
-174
-223
-168
16
120
38
-137
-208
-236
-186
-44
-35
-97
-70
45
145
-13
-161
-217
-235
-102
-10
-92
-169
-217
-222
-120
81
181
92
-107
-196
-232
-213
-62
49
8
-106
-164
-117
-117
-170
-193
-200
-135
-14
45
-45
-163
-219
-167
-47
7
42
-44
-171
-198
-38
37
-98
-174
-211
-226
-242
-237
-137
-16
55
43
-11
-118
-199
-161
-108
-127
-157
-170
-130
-61
11
-12
-131
-207
-236
-164
-38
-14
17
-12
-67
-86
-107
-167
-174
-128
-42
16
-41
-127
-200
-228
-214
-188
-145
-97
-36
7
18
-10
-39
-73
-52
-69
-94
-153
-175
-160
-129
-105
-126
-152
-155
-141
-121
-96
-67
-22
9
-11
-71
-122
-144
-146
-135
-133
-128
-118
-108
-79
-50
-41
-36
-35
-43
-52
-86
-142
-200
-222
-199
-149
-95
-70
-71
-80
-104
-153
-168
-130
-80
-70
-94
-108
-105
-105
-103
-91
-66
-44
-25
-33
-60
-79
-92
-115
-130
-128
-150
-162
-173
-166
-148
-124
-111
-117
-121
-119
-116
-113
-111
-108
-104
-100
-99
-103
-104
-96
-86
-89
-106
-118
-117
-104
-94
-93
-100
-113
-123
-131
-124
-117
-113
-108
-103
-105
-108
-107
-108
-105
-103
-104
-108
-110
-111
-110
-106
-102
-100
-100
-101
-101
-103
-103
-103
-103
-104
-105
-105
-105
-104
-103
-103
-101
-101
-102
-103
-102
-102
-102
-104
-106
-106
-105
-103
-103
-103
-102
-102
-102
-102
-101
-101
-102
-101
-99
-100
-104
-106
-104
-103
-102
-102
-101
-100
-100
-101
-102
-103
-102
-102
-103
-103
-102
-102
-103
-103
-103
-103
-103
-103
-103
-102
-103
-102
-103
-104
-104
-104
-104
-103
-103
-103
-103
-103
-103
-102
-102
-102
-103
-103
-103
-104
-103
-103
-102
-102
-102
-101
-101
-101
-101
-102
-102
-102
-103
-103
-103
-102
-102
-104
-104
-104
-104
-104
-103
-103
-104
-104
-104
-105
-105
-106
-105
-105
-105
-106
-106
-105
-105
-104
-104
-104
-104
-104
-105
-104
-104
-104
-105
-106
-105
-105
-105
-104
-103
-101
-100
-101
-100
-101
-102
-103
-104
-104
-106
-107
-108
-107
-107
-108
-108
-107
-107
-107
-107
-107
-107
-107
-106
-105
-106
-106
-105
-105
-106
-106
-105
-105
-105
-105
-105
-105
-104
-105
-106
-107
-106
-105
-107
-107
-107
-106
-106
-106
-106
-105
-104
-104
-105
-104
-105
-106
-105
-104
-104
-104
-104
-104
-104
-105
-103
-102
-102
-101
-102
-103
-103
-103
-104
-103
-103
-103
-103
-103
-102
-102
-103
-103
-103
-103
-104
-103
-104
-103
-103
-103
-103
-102
-103
-104
-103
-103
-104
-103
-103
-103
-103
-104
-104
-104
-103
-103
-104
-104
-104
-103
-103
-104
-104
