-11163
-104
-104
-104
-105
-105
-105
-104
-104
-104
-105
-105
-105
-105
-105
-105
-105
-106
-107
-106
-106
-105
-106
-107
-108
-108
-107
-106
-105
-106
-107
-106
-106
-106
-106
-107
-107
-107
-107
-107
-106
-105
-106
-106
-107
-107
-106
-106
-105
-104
-104
-104
-104
-104
-105
-105
-107
-106
-106
-107
-107
-108
-109
-108
-108
-107
-107
-108
-109
-108
-106
-106
-107
-107
-107
-108
-108
-107
-106
-105
-104
-105
-105
-106
-106
-106
-106
-107
-107
-106
-106
-105
-106
-106
-106
-105
-105
-105
-104
-105
-105
-105
-105
-104
-105
-105
-104
-103
-105
-106
-107
-106
-105
-105
-105
-105
-105
-106
-107
-107
-108
-107
-108
-108
-107
-108
-108
-108
-107
-107
-107
-107
-107
-107
-107
-107
-107
-107
-107
-107
-106
-106
-106
-106
-106
-106
-107
-108
-107
-107
-107
-107
-107
-105
-105
-104
-104
-104
-105
-106
-106
-107
-106
-107
-107
-107
-106
-106
-106
-106
-106
-106
-107
-106
-106
-106
-106
-106
-106
-106
-106
-105
-105
-104
-105
-105
-106
-106
-106
-106
-106
-107
-107
-105
-106
-106
-106
-106
-106
-106
-106
-106
-107
-106
-106
-106
-105
-105
-104
-105
-105
-106
-106
-105
-106
-106
-106
-106
-106
-105
-105
-104
-105
-103
-103
-104
-104
-103
-102
-103
-103
-104
-106
-107
-107
-107
-107
-108
-108
-108
-108
-109
-108
-108
-106
-105
-105
-105
-106
-106
-107
-108
-107
-106
-106
-106
-105
-105
-105
-105
-105
-104
-105
-106
-106
-106
-106
-107
-107
-106
-105
-105
-106
-106
-105
-105
-106
-106
-106
-106
-106
-106
-106
-106
-106
-106
-106
-106
-106
-106
-106
-106
-106
-107
-106
-106
-107
-105
-104
-104
-104
-105
-107
-107
-106
-106
-106
-106
-106
-107
-106
-106
-106
-106
-106
-106
-105
-105
-105
-105
-106
-107
-106
-105
-105
-106
-107
-106
-105
-104
-104
-105
-104
-104
-104
-104
-105
-105
-106
-106
-105
-105
-105
-104
-104
-105
-105
-106
-105
-106
-106
-106
-106
-105
-105
-104
-104
-105
-105
-106
-106
-106
-105
-106
-106
-105
-106
-106
-106
-105
-106
-106
-107
-106
-106
-107
-107
-107
-107
-107
-107
-108
-108
-108
-108
-108
-107
-106
-106
-106
-107
-107
-107
-106
-106
-106
-106
-107
-107
-107
-107
-106
-106
-105
-105
-105
-106
-106
-105
-106
-105
-104
-103
-103
-102
-101
-101
-102
-103
-102
-104
-105
-107
-106
-107
-107
-108
-108
-107
-107
-106
-106
-106
-107
-107
-106
-107
-106
-106
-106
-107
-106
-107
-107
-107
-107
-107
-107
-106
-106
-105
-105
-105
-106
-106
-106
-106
-106
-106
-106
-106
-105
-105
-105
-106
-105
-104
-105
-105
-104
-104
-104
-105
-105
-104
-104
-104
-104
-103
-104
-104
-105
-106
-105
-105
-105
-104
-105
-106
-106
-105
-105
-105
-106
-106
-106
-106
-106
-105
-105
-105
-107
-106
-107
-107
-107
-106
-105
-104
-105
-105
-105
-106
-105
-106
-104
-105
-107
-106
-105
-106
-106
-107
-106
-106
-106
-106
-106
-106
-106
-106
-106
-105
-106
-106
-106
-107
-107
-106
-106
-106
-106
-106
-107
-106
-105
-105
-106
-106
-106
-107
-107
-107
-108
-107
-107
-106
-105
-105
-106
-106
-105
-105
-105
-105
-105
-105
-106
-107
-106
-106
-105
-106
-105
-106
-105
-106
-105
-104
-105
-106
-105
-104
-105
-105
-104
-104
-104
-104
-105
-104
-104
-104
-103
-103
-105
-105
-106
-105
-106
-106
-108
-108
-108
-107
-107
-107
-107
-107
-107
-106
-106
-105
-104
-104
-104
-103
-102
-102
-103
-104
-105
-105
-105
-105
-104
-105
-105
-106
-106
-106
-106
-106
-106
-106
-105
-105
-106
-106
-105
-106
-107
-107
-107
-107
-106
-106
-107
-107
-106
-106
-106
-106
-106
-106
-107
-106
-105
-106
-108
-107
-107
-106
-107
-108
-106
-105
-104
-105
-104
-104
-104
-104
-104
-104
-105
-106
-105
-105
-105
-106
-107
-107
-106
-105
-105
-106
-106
-106
-108
-109
-109
-109
-108
-108
-107
-106
-106
-103
-101
-102
-101
-102
-108
-110
-109
-108
-107
-108
-108
-107
-106
-106
-106
-107
-107
-106
-106
-106
-107
-107
-106
-108
-109
-108
-106
-105
-104
-106
-108
-109
-106
-102
-103
-107
-108
-109
-111
-112
-112
-110
-108
-105
-104
-103
-103
-109
-117
-122
-123
-117
-104
-98
-98
-99
-93
-88
-92
-97
-103
-105
-109
-116
-117
-120
-125
-132
-137
-130
-117
-106
-100
-96
-83
-77
-86
-98
-103
-99
-90
-86
-88
-96
-101
-88
-77
-87
-107
-118
-117
-112
-97
-82
-91
-104
-106
-96
-92
-106
-122
-128
-120
-114
-120
-115
-110
-100
-98
-111
-127
-131
-128
-122
-114
-112
-106
-104
-117
-126
-114
-98
-106
-114
-122
-129
-131
-116
-92
-88
-85
-71
-57
-58
-85
-115
-128
-117
-110
-121
-140
-138
-138
-119
-79
-71
-78
-104
-121
-130
-132
-125
-119
-121
-127
-113
-80
-53
-39
-65
-81
-84
-106
-123
-109
-98
-119
-163
-179
-144
-121
-108
-92
-82
-75
-67
-56
-62
-120
-160
-137
-108
-114
-127
-123
-107
-86
-74
-83
-113
-148
-155
-137
-108
-73
-52
-69
-86
-75
-82
-111
-111
-94
-98
-122
-140
-147
-137
-112
-98
-100
-114
-102
-77
-65
-74
-98
-129
-130
-97
-86
-114
-144
-161
-126
-69
-33
-38
-72
-131
-158
-99
-30
-34
-109
-177
-200
-209
-190
-134
-59
-26
-43
-85
-120
-119
-79
-67
-96
-101
-81
-122
-191
-197
-101
-15
-14
-85
-147
-124
-70
-53
-98
-149
-165
-150
-153
-156
-133
-138
-133
-89
-40
-24
-50
-90
-135
-159
-148
-123
-110
-106
-74
-76
-121
-130
-93
-85
-79
-79
-106
-108
-91
-92
-91
-82
-71
-76
-100
-142
-147
-129
-159
-162
-134
-97
-89
-99
-98
-85
-69
-15
3
-64
-148
-185
-160
-127
-128
-155
-175
-153
-113
-47
-3
-8
-24
-60
-141
-169
-136
-126
-149
-149
-141
-99
-82
-67
-65
-120
-165
-138
-74
-49
-71
-101
-106
-82
-101
-137
-146
-131
-112
-110
-107
-91
-85
-97
-129
-149
-133
-92
-89
-73
-39
-13
-47
-94
-148
-192
-185
-162
-143
-148
-140
-86
-33
-36
-93
-151
-169
-124
-85
-79
-53
-23
-61
-140
-178
-177
-136
-89
-70
-64
-77
-64
-64
-93
-122
-164
-164
-152
-146
-126
-109
-86
-43
-20
-47
-89
-92
-71
-84
-114
-139
-154
-175
-189
-186
-165
-109
-21
22
-5
-44
-88
-130
-139
-140
-145
-128
-103
-100
-95
-132
-169
-149
-100
-65
-50
-64
-53
-24
-7
-32
-100
-165
-212
-223
-192
-141
-99
-104
-126
-127
-120
-88
-16
25
7
-50
-126
-169
-174
-173
-167
-177
-169
-125
-67
-15
1
-37
-110
-156
-133
-103
-110
-102
-89
-100
-128
-109
-56
-46
-88
-149
-156
-141
-125
-108
-64
-55
-73
-93
-121
-109
-87
-74
-72
-62
-53
-53
-107
-180
-218
-220
-198
-141
-81
-82
-107
-91
-62
-53
-55
-74
-106
-133
-142
-142
-139
-134
-120
-122
-135
-127
-94
-37
20
20
-65
-136
-167
-163
-156
-139
-109
-98
-110
-106
-89
-93
-77
-58
-88
-114
-138
-146
-124
-80
-46
-56
-94
-124
-146
-163
-162
-133
-85
-57
-63
-67
-68
-83
-96
-83
-102
-154
-169
-136
-113
-94
-83
-56
-35
-59
-90
-106
-118
-131
-163
-180
-139
-79
-65
-90
-113
-114
-81
-46
-62
-94
-115
-98
-96
-92
-84
-96
-130
-133
-92
-28
21
35
19
-35
-140
-209
-237
-246
-210
-180
-176
-183
-167
-127
-48
46
68
-1
-95
-186
-210
-179
-146
-135
-128
-125
-96
-53
-56
-74
-79
-79
-110
-149
-163
-120
-75
-76
-104
-133
-138
-112
-82
-67
-66
-50
-74
-129
-166
-162
-156
-141
-139
-140
-127
-89
-39
-18
-48
-89
-111
-110
-99
-97
-99
-120
-144
-156
-152
-154
-140
-98
-39
-21
-58
-114
-150
-140
-107
-74
-65
-70
-89
-132
-150
-150
-172
-182
-151
-94
-39
-41
-83
-93
-67
-76
-98
-104
-118
-145
-158
-147
-127
-109
-94
-58
-62
-102
-119
-140
-131
-83
-82
-122
-159
-162
-151
-108
-58
-39
-54
-80
-82
-104
-146
-180
-185
-178
-166
-150
-125
-106
-87
-85
-96
-99
-82
-58
-40
-54
-94
-137
-164
-140
-84
-42
-55
-98
-142
-157
-162
-135
-86
-41
-32
-47
-81
-127
-167
-162
-133
-119
-117
-110
-102
-95
-93
-67
-19
-22
-119
-180
-171
-135
-111
-101
-103
-121
-139
-96
-31
-32
-74
-120
-158
-168
-169
-157
-150
-138
-79
-13
26
16
-47
-113
-152
-188
-196
-166
-155
-139
-61
-16
-40
-92
-99
6
53
-25
-149
-213
-218
-166
-109
-79
-67
-51
-52
-62
-121
-165
-198
-232
-223
-173
-86
-9
1
-8
17
24
-26
-154
-216
-239
-204
-147
-88
-74
-40
8
9
-18
-50
-110
-192
-211
-107
-37
-95
-129
-131
-100
-90
-34
-16
-110
-148
-156
-190
-196
-157
-61
59
53
-48
-149
-177
-195
-231
-235
-144
-129
-192
-216
-183
-107
-47
-41
-45
-107
-54
47
74
-8
-139
-201
-173
-86
-79
-179
-225
-236
-156
-141
-153
-140
-25
45
-12
-107
-129
-60
59
67
-41
-171
-221
-242
-250
-240
-124
85
188
82
-120
-201
-233
-199
-66
97
193
133
-76
-184
-226
-244
-249
-183
-37
131
176
88
-80
-186
-199
-97
-32
53
0
-127
-204
-235
-193
-95
-88
-73
-64
-88
-152
-167
-127
39
135
77
-85
-189
-228
-165
-68
-74
-118
-98
-59
-84
-171
-222
-148
-4
-41
-64
6
31
5
77
2
-113
-192
-230
-200
-62
-13
-47
-112
-197
-232
-246
-112
104
138
-14
-161
-192
-196
-231
-84
59
114
57
-131
-206
-235
-159
29
66
26
-75
-86
-104
-194
-197
-112
-116
-48
-145
-213
-238
-196
-143
-108
59
179
76
-126
-203
-186
-153
-207
-206
-33
44
-101
-195
-231
-245
-251
-254
-210
-136
-41
107
197
231
184
-78
-184
-226
-237
11
160
205
-34
-168
-220
-241
-194
-99
-94
-111
47
162
96
-94
-176
-129
-114
-125
-58
-12
-5
-65
-88
-187
-228
-244
-248
-101
101
195
91
0
47
138
112
-93
-191
-229
-245
-182
64
180
148
-62
-179
-224
-243
-211
-175
-136
-67
75
176
223
132
-80
-185
-165
-140
-212
-238
-248
-220
-152
-41
14
132
201
87
-112
-198
-232
-75
78
25
-45
-75
-153
-214
-239
-248
-182
-42
104
85
44
15
-131
-206
-235
-247
-37
141
186
9
-59
-149
-210
-237
-202
-159
-145
-203
-235
-232
-26
145
211
217
-38
-169
-220
-241
-249
-253
-254
-253
-185
-62
77
125
202
233
188
-48
-172
-222
-131
29
-116
-201
-234
-246
-248
-175
-22
130
169
149
34
-52
-138
-208
-234
-153
-130
-92
-42
-66
-70
-113
-191
-141
-91
-93
-22
-77
-185
-98
-47
-160
-172
-7
152
155
13
-146
-211
-237
-211
-85
-106
-146
-116
-80
-125
-127
-75
11
79
13
-141
-208
-119
59
136
-3
-156
-216
-239
-248
-220
-212
-101
14
-4
1
85
134
148
74
-109
-197
-232
-235
-144
-73
-88
-169
-221
-230
-117
26
-6
-87
-45
104
104
-27
-111
-81
-100
-162
-189
-150
-91
-94
-190
-229
-245
-223
-105
61
139
117
7
-113
-160
-112
-125
-205
-235
-173
-92
-144
-171
-32
56
-5
-137
-186
-90
9
-15
-4
2
13
-48
-165
-219
-241
-249
-186
-48
104
130
38
-69
-136
-140
-97
-164
-218
-224
-138
-4
-11
-155
-216
-240
-159
82
188
160
32
1
-91
-160
-160
-150
-170
-166
-180
-217
-240
-187
-33
-35
-115
-120
-89
-63
-33
-8
-80
-180
-225
-242
-164
-14
112
97
-9
-89
-173
-162
-197
-221
-181
-64
-107
-191
-164
-75
-98
-137
-27
104
106
-35
-169
-221
-241
-250
-127
7
-69
-168
-168
-108
-41
76
185
133
-57
-175
-198
-200
-233
-217
-203
-234
-247
-211
-125
-100
-97
-120
-130
-70
-35
-36
-24
-83
-107
-83
-59
5
-32
-140
-205
-217
-188
-144
-160
-199
-155
-33
60
50
54
18
-49
-159
-178
-97
-88
-178
-203
-151
-148
-193
-174
-108
-8
108
67
-99
-194
-231
-214
-72
6
-11
-85
-163
-186
-173
-123
-74
-71
-70
-47
-93
-161
-127
-88
-129
-151
-79
-38
-77
-128
-122
-106
-106
-147
-76
70
52
43
44
-62
-179
-225
-243
-232
-109
-56
-77
-131
-135
-91
-28
-26
-64
-109
-196
-222
-89
31
34
-22
-83
-125
-198
-233
-210
-122
-79
-112
-175
-138
-105
-144
-194
-110
33
23
-38
-58
-62
-12
0
-86
-155
-208
-236
-231
-168
-142
-189
-197
-89
-54
-60
-22
21
88
124
22
-143
-210
-227
-192
-136
-90
-124
-160
-132
-67
-76
-129
-154
-140
-122
-64
1
5
-41
-75
-82
-94
-112
-90
-102
-151
-198
-203
-187
-137
-93
-63
-62
-44
-12
-10
-33
-71
-115
-174
-159
-173
-144
-57
37
5
-100
-160
-200
-182
-66
-59
-104
-153
-186
-161
-179
-177
-99
-10
-43
-81
-18
-6
-49
-121
-184
-167
-125
-182
-227
-209
-87
-1
-17
-41
-37
-94
-110
-62
-78
-138
-154
-96
-81
-151
-149
-27
14
-24
-110
-175
-202
-153
-81
-88
-150
-196
-141
-92
-87
-37
-13
-61
-106
-122
-134
-158
-136
-90
-81
-75
-102
-128
-130
-121
-122
-130
-104
-35
-40
-65
-42
-44
-71
-130
-160
-164
-159
-151
-157
-182
-182
-125
-37
23
-32
-120
-113
-79
-28
-22
-85
-121
-124
-114
-133
-158
-168
-121
-65
-99
-81
-35
33
53
-6
-123
-193
-192
-77
-46
-82
-49
-68
-137
-180
-152
-87
-36
-37
-133
-208
-236
-227
-185
-120
-49
-43
-94
-98
-72
-85
-138
-56
35
-20
-146
-183
-173
-170
-103
-42
-50
-122
-154
-136
-132
-183
-215
-195
-141
-101
-67
-17
-51
-120
-152
-131
-82
-63
-105
-116
-132
-144
-128
-98
-109
-139
-145
-103
-60
-99
-119
-122
-149
-155
-77
21
-26
-137
-180
-180
-137
-103
-82
-72
-85
-97
-92
-109
-141
-114
-93
-128
-124
-126
-131
-86
-71
-54
-55
-63
-99
-133
-177
-208
-159
-48
-36
-92
-127
-141
-129
-152
-163
-153
-110
-86
-87
-76
-88
-117
-119
-74
-58
-68
-83
-127
-156
-85
-4
-47
-136
-194
-193
-117
-97
-131
-151
-162
-142
-98
-100
-143
-99
-5
30
-8
-34
-2
-51
-120
-145
-189
-229
-209
-180
-164
-149
-125
-93
-49
-63
-50
-21
-50
-109
-110
-119
-124
-137
-189
-186
-132
-69
-51
-105
-136
-151
-158
-151
-109
-42
13
51
-17
-114
-131
-98
-108
-148
-140
-162
-189
-163
-141
-117
-128
-161
-101
-42
-19
-20
-25
-100
-161
-125
-120
-104
-112
-146
-139
-106
-110
-119
-91
-79
-143
-162
-100
-86
-99
-86
-86
-93
-92
-126
-137
-130
-116
-120
-119
-119
-123
-126
-108
-76
-53
-101
-181
-154
-109
-80
7
86
56
-78
-168
-126
-34
-60
-115
-138
-174
-220
-234
-201
-140
-72
-19
-29
-89
-99
-78
-48
-41
-87
-138
-98
-40
-86
-161
-200
-220
-205
-152
-100
-99
-99
-93
-74
-49
-21
-22
0
4
-55
-139
-106
-127
-195
-226
-239
-218
-217
-224
-150
-78
-60
-51
-37
-44
-51
-32
-61
-116
-158
-114
-101
-116
-129
-125
-131
-155
-137
-87
-67
-26
3
-14
-80
-156
-186
-193
-161
-142
-98
-80
-99
-104
-58
-47
-111
-149
-154
-160
-83
-5
-22
-101
-160
-171
-147
-94
-16
13
-40
-119
-188
-206
-193
-141
-50
11
-27
-65
-98
-152
-191
-170
-93
-34
8
5
-78
-184
-214
-199
-200
-148
-107
-71
-71
-97
-101
-57
-17
-52
-116
-163
-206
-199
-152
-75
-56
-82
-106
-138
-111
46
77
-44
-168
-209
-183
-171
-154
-137
-126
-135
-112
-68
-24
10
14
-34
-114
-192
-218
-192
-152
-107
-101
-145
-202
-203
-123
-53
-9
45
26
-77
-151
-140
-86
-76
-125
-169
-213
-236
-198
-105
-38
-25
-59
-92
-108
-116
-101
-73
-57
-90
-118
-123
-75
-46
-53
-139
-201
-218
-153
3
78
-19
-139
-207
-225
-195
-85
24
-24
-113
-154
-108
-83
-82
-105
-135
-148
-154
-167
-143
-85
-40
-65
-125
-120
-91
-55
-65
-96
-152
-97
-29
-69
-146
-163
-159
-147
-155
-182
-169
-121
-33
0
-70
-123
-93
-95
-99
-27
7
-59
-154
-210
-222
-202
-145
-99
-72
-68
-116
-120
-7
76
41
-30
-141
-210
-214
-171
-129
-104
-91
-101
-136
-189
-223
-137
16
39
-39
-28
-82
-127
-152
-182
-184
-152
-155
-143
-141
-137
-104
-60
-67
-43
-2
-10
-30
-98
-150
-180
-190
-164
-117
-89
-127
-149
-110
-14
-7
-59
-141
-158
-126
-88
-90
-117
-129
-107
-76
-49
17
-35
-165
-220
-195
-129
-65
-31
-48
-107
-118
-135
-169
-150
-85
-2
22
-19
-111
-169
-164
-114
-146
-190
-190
-163
-131
-121
-107
-35
61
3
-97
-100
-68
-57
-72
-122
-139
-151
-141
-69
-20
-2
-102
-196
-204
-110
-21
52
114
80
-2
-115
-200
-233
-246
-235
-180
-162
-105
-25
-15
-74
-88
-126
-160
-151
-174
-194
-146
-57
37
48
-46
-74
-35
-42
-140
-158
-131
-135
-128
-98
-99
-161
-183
-158
-173
-161
-82
-38
-95
-166
-194
-91
22
10
-80
-141
-139
-153
-159
-22
-15
-134
-208
-236
-181
-23
28
-92
-124
-85
-39
-41
-54
-44
-115
-199
-233
-216
-104
-30
-64
-130
-130
-131
-137
-148
-103
-55
-108
-65
30
12
-121
-203
-223
-197
-165
-145
-88
-42
-22
8
-19
-106
-162
-152
-148
-207
-220
-143
-118
-114
-118
-83
-83
-77
-41
-15
-48
-106
-106
-122
-145
-166
-154
-137
-96
-80
-93
-115
-115
-86
-34
-1
-16
-55
-49
-44
-86
-177
-200
-152
-120
-139
-169
-158
-88
-79
-112
-152
-146
-99
17
69
-29
-131
-151
-126
-107
-153
-191
-204
-201
-185
-169
-143
-112
-85
-49
-53
-88
-101
-37
-26
-94
-151
-176
-137
-105
-133
-195
-192
-125
-62
-14
-6
-55
-97
-55
69
113
-47
-174
-223
-220
-113
-63
-146
-213
-224
-129
-30
31
55
-5
-44
-78
-146
-211
-194
-140
-105
-108
-148
-200
-206
-148
-82
-37
-2
5
-16
-7
-52
-154
-171
-153
-154
-142
-147
-196
-196
-162
-140
-136
-98
-41
-23
-63
-67
-51
-60
-107
-114
-73
-15
-26
-100
-175
-159
-172
-219
-240
-229
-130
-43
-12
48
127
139
66
-59
-176
-209
-200
-124
-42
-27
-130
-207
-236
-247
-225
-175
-147
-92
-12
77
174
134
30
-46
-18
8
-104
-194
-231
-245
-251
-244
-196
-166
-155
-136
0
154
215
170
-61
-146
-126
-155
-215
-239
-249
-235
-150
-133
-188
-190
-117
82
187
227
163
-51
-161
-196
-220
-192
-199
-234
-247
-251
-228
-119
7
-9
-42
-60
-48
37
43
-92
-186
-77
38
-14
-160
-218
-240
-249
-226
-179
-172
-140
0
107
136
-11
-154
-215
-239
-224
-94
75
82
-83
-180
-192
-155
-160
-196
-191
-129
-49
0
53
152
211
72
-124
-203
-234
-247
-245
-205
-167
-104
-38
-48
-74
-92
-123
-128
-117
-26
34
-7
-99
-134
-168
-220
-203
-120
-63
-78
-86
-105
-156
-180
-158
-90
-3
45
27
19
-65
-164
-219
-210
-151
-73
40
21
-88
-120
19
69
-103
-196
-231
-153
-111
-138
-120
-7
131
175
61
-123
-202
-234
-247
-252
-235
-190
-114
-9
52
16
-82
-113
-77
-74
-110
-110
-62
-25
-68
-162
-215
-230
-189
-101
-66
-77
-110
-155
-182
-179
-150
-109
-106
-179
-195
-49
129
196
119
-4
-6
36
-29
-150
-213
-238
-248
-252
-202
-148
-103
-81
19
146
143
76
-30
-55
-112
-190
-229
-242
-193
-151
-154
-166
-178
-187
-123
-84
-118
-112
55
177
154
-25
-117
-78
-155
-215
-214
-195
-190
-228
-240
-195
-13
51
-21
-48
-85
-40
89
80
-85
-189
-222
-223
-233
-208
-163
-83
-27
-75
-106
-62
-56
1
58
81
-12
-159
-217
-174
-116
-169
-220
-231
-222
-243
-250
-241
-115
100
195
215
45
-92
-124
-93
-74
-116
-188
-228
-245
-251
-253
-236
-156
-94
1
113
132
61
15
67
22
-75
-181
-225
-243
-250
-202
-147
-88
-93
-107
-123
-80
103
122
13
-85
-103
-124
-100
-96
-148
-211
-237
-248
-205
-120
-95
-103
-101
-67
14
13
36
-41
-85
9
137
106
-31
-164
-219
-240
-249
-253
-254
-171
-52
-13
22
68
111
111
140
72
-54
-176
-223
-242
-250
-253
-254
-242
-158
35
127
47
-119
-75
-31
-130
-62
22
18
-2
-19
-29
-25
-150
-213
-238
-248
-198
-92
-71
-104
-94
-64
-45
11
83
44
-55
-119
-131
-103
-129
-151
-209
-237
-234
-216
-238
-239
-187
-86
64
166
109
90
150
44
-130
-205
-235
-247
-246
-251
-254
-248
-229
-196
-89
98
179
71
-33
-23
-11
-16
-26
-91
-187
-218
-239
-208
-219
-242
-241
-151
-40
1
72
87
-42
-104
-66
-102
-192
-224
-168
-87
-91
-132
-180
-209
-205
-163
-189
-209
-28
144
211
111
-105
-195
-231
-167
-64
-61
-140
-176
-191
-154
-79
77
17
-118
-179
-159
-58
1
32
-43
-166
-219
-220
-133
-105
-90
-97
-70
-72
-127
-159
-157
-163
-203
-232
-161
-42
7
-7
-45
-134
-79
-6
-91
-192
-230
-245
-191
7
159
199
20
-146
-211
-238
-219
-184
-189
-223
-226
-210
-61
13
117
118
-58
-160
-141
-96
-166
-219
-241
-129
-7
-8
-123
-204
-194
-140
-138
72
184
119
-101
-194
-230
-240
-75
92
37
-87
-188
-228
-187
-61
29
-11
-149
-188
-73
7
-71
-180
-225
-243
-169
-39
21
50
-15
-117
-157
-145
-98
-127
-167
-142
-142
-170
-168
-117
-96
-147
-192
-78
98
194
193
18
-144
-210
-237
-248
-243
-223
-152
-76
-67
-32
60
45
7
-23
-29
-74
-55
33
9
-132
-207
-236
-247
-252
-217
-183
-121
-87
-37
5
76
124
47
-55
-175
-223
-242
-241
-239
-249
-213
-140
-106
-96
-89
-89
-86
-70
-56
-76
-92
-94
-85
-80
-69
-70
-63
-61
-75
-111
-135
-141
-117
-68
-50
-71
-113
-149
-173
-170
-150
-133
-121
-112
-106
-100
-98
-98
-99
-99
-100
-100
-100
-100
-101
-96
-87
-83
-89
-104
-108
-101
-95
-96
-99
-95
-95
-99
-100
-96
-91
-93
-100
-105
-100
-83
-65
-54
-72
-108
-131
-132
-125
-115
-104
-96
-94
-101
-103
-101
-96
-90
-87
-93
-100
-101
-97
-91
-78
-73
-87
-105
-112
-109
-107
-103
-103
-101
-98
-99
-102
-104
-102
-99
-96
-95
-97
-98
-98
-96
-92
-91
-95
-102
-106
-107
-105
-96
-88
-96
-103
-104
-104
-99
-90
-101
-114
-115
-106
-101
-101
-101
-101
-102
-102
-101
-101
-102
-101
-97
-94
-96
-99
-105
-107
-105
-103
-98
-94
-95
-98
-99
-89
-91
-107
-110
-107
-96
-73
-63
-46
-22
-39
-72
-94
-108
-135
-142
-118
-93
-114
-154
-170
-134
-108
