-4728
-106
-107
-108
-107
-106
-105
-106
-106
-106
-107
-106
-106
-106
-106
-106
-106
-105
-106
-106
-106
-106
-105
-104
-104
-105
-104
-104
-105
-105
-105
-105
-105
-105
-105
-104
-103
-104
-103
-103
-103
-104
-104
-104
-104
-105
-105
-105
-105
-105
-105
-105
-105
-106
-105
-106
-105
-105
-106
-106
-105
-105
-106
-105
-104
-105
-105
-106
-105
-106
-106
-106
-105
-105
-104
-103
-102
-101
-101
-101
-100
-100
-102
-104
-104
-105
-105
-106
-105
-105
-105
-106
-107
-106
-106
-105
-105
-105
-104
-104
-104
-105
-105
-105
-106
-106
-106
-105
-106
-106
-106
-106
-104
-104
-103
-103
-104
-104
-105
-105
-105
-105
-105
-105
-106
-105
-105
-105
-105
-106
-106
-105
-105
-105
-105
-105
-105
-105
-105
-104
-105
-106
-106
-105
-106
-106
-105
-105
-105
-105
-104
-104
-105
-105
-105
-105
-105
-105
-105
-104
-104
-104
-105
-105
-104
-105
-104
-105
-104
-103
-103
-103
-104
-103
-104
-104
-104
-103
-103
-103
-103
-104
-104
-104
-105
-104
-105
-104
-104
-104
-104
-104
-105
-105
-104
-105
-105
-104
-104
-105
-105
-105
-104
-104
-104
-105
-105
-105
-105
-105
-106
-105
-105
-106
-107
-107
-106
-105
-105
-105
-105
-106
-106
-105
-107
-105
-105
-104
-104
-104
-104
-104
-104
-105
-106
-106
-107
-108
-106
-105
-104
-104
-103
-104
-104
-105
-106
-106
-106
-105
-106
-106
-105
-105
-105
-104
-105
-105
-105
-104
-104
-102
-101
-100
-100
-100
-100
-100
-101
-103
-105
-106
-106
-105
-106
-106
-106
-107
-107
-107
-107
-107
-107
-107
-107
-106
-106
-106
-106
-105
-104
-105
-105
-104
-105
-105
-105
-105
-106
-106
-105
-105
-105
-106
-106
-106
-105
-104
-104
-104
-103
-104
-104
-105
-105
-105
-106
-106
-106
-105
-104
-104
-104
-106
-106
-106
-106
-106
-106
-106
-106
-105
-105
-106
-106
-104
-104
-105
-105
-104
-104
-105
-106
-106
-105
-105
-105
-106
-105
-105
-104
-104
-104
-104
-104
-104
-103
-103
-104
-104
-103
-104
-105
-105
-105
-105
-104
-105
-105
-104
-105
-105
-105
-106
-106
-106
-107
-106
-106
-106
-108
-107
-108
-107
-106
-106
-106
-106
-107
-106
-105
-105
-105
-105
-105
-104
-104
-104
-104
-105
-105
-104
-105
-105
-105
-104
-104
-105
-106
-106
-106
-105
-104
-104
-104
-104
-105
-105
-105
-104
-105
-105
-105
-105
-104
-105
-105
-104
-104
-104
-104
-104
-105
-106
-106
-106
-105
-105
-105
-106
-106
-106
-106
-106
-106
-106
-105
-105
-105
-105
-103
-103
-103
-103
-103
-103
-103
-105
-106
-107
-107
-107
-107
-106
-106
-107
-107
-107
-106
-106
-107
-107
-106
-106
-106
-106
-106
-105
-106
-106
-106
-106
-106
-107
-106
-107
-107
-107
-107
-107
-107
-106
-105
-104
-105
-105
-105
-105
-105
-104
-104
-103
-103
-104
-105
-104
-103
-104
-105
-105
-105
-104
-105
-105
-105
-105
-106
-106
-106
-106
-105
-105
-105
-105
-105
-105
-106
-107
-106
-106
-105
-106
-106
-106
-105
-106
-106
-106
-106
-106
-106
-106
-106
-105
-104
-104
-105
-104
-104
-104
-104
-104
-105
-105
-105
-105
-105
-104
-105
-105
-105
-106
-106
-105
-105
-106
-107
-106
-105
-105
-105
-105
-105
-104
-104
-105
-105
-105
-106
-106
-106
-106
-107
-108
-108
-107
-107
-107
-108
-106
-106
-106
-106
-106
-106
-106
-105
-105
-105
-106
-106
-106
-106
-106
-106
-105
-106
-106
-106
-106
-105
-104
-106
-107
-107
-106
-106
-106
-105
-105
-105
-105
-104
-104
-106
-106
-106
-106
-106
-106
-106
-105
-105
-105
-105
-104
-104
-104
-104
-103
-103
-104
-106
-106
-106
-106
-106
-107
-106
-106
-106
-106
-106
-105
-105
-105
-105
-106
-106
-106
-106
-106
-106
-106
-105
-104
-104
-104
-103
-105
-106
-106
-105
-104
-104
-105
-105
-105
-105
-106
-105
-104
-105
-105
-104
-104
-103
-103
-103
-103
-103
-105
-105
-104
-104
-105
-105
-105
-105
-104
-105
-105
-105
-105
-104
-103
-103
-104
-104
-104
-104
-105
-105
-105
-105
-104
-104
-103
-103
-104
-105
-104
-105
-106
-105
-104
-104
-104
-104
-103
-104
-104
-105
-105
-104
-104
-104
-106
-106
-105
-105
-105
-105
-105
-104
-103
-104
-104
-104
-104
-104
-104
-104
-104
-105
-105
-105
-106
-106
-105
-105
-105
-105
-105
-105
-104
-104
-105
-105
-104
-105
-105
-104
-105
-106
-106
-107
-106
-105
-104
-104
-104
-104
-105
-105
-106
-105
-106
-106
-104
-104
-104
-104
-104
-104
-104
-104
-104
-104
-104
-103
-102
-102
-102
-102
-103
-104
-105
-104
-103
-104
-105
-106
-106
-107
-106
-106
-106
-104
-103
-102
-101
-100
-100
-103
-103
-103
-103
-105
-107
-108
-107
-107
-106
-105
-104
-103
-103
-104
-104
-105
-104
-102
-99
-99
-102
-106
-106
-102
-103
-107
-105
-105
-104
-102
-104
-103
-106
-101
-92
-97
-107
-112
-114
-111
-106
-105
-98
-97
-100
-97
-94
-82
-82
-97
-121
-131
-121
-110
-103
-101
-104
-105
-95
-83
-75
-89
-116
-129
-119
-98
-103
-115
-120
-116
-114
-103
-89
-86
-93
-102
-109
-119
-116
-106
-111
-124
-121
-107
-95
-80
-83
-115
-136
-129
-116
-111
-113
-100
-77
-79
-95
-80
-68
-92
-127
-135
-133
-129
-123
-117
-106
-85
-56
-58
-97
-128
-122
-112
-119
-118
-111
-107
-119
-131
-130
-109
-92
-76
-76
-108
-116
-104
-92
-91
-96
-125
-132
-103
-100
-129
-145
-138
-109
-79
-56
-62
-97
-125
-114
-83
-67
-75
-108
-144
-151
-125
-106
-114
-145
-153
-129
-109
-80
-50
-44
-44
-58
-101
-135
-146
-132
-124
-124
-103
-87
-104
-139
-147
-132
-122
-115
-111
-91
-64
-63
-75
-106
-144
-157
-152
-138
-121
-95
-81
-98
-111
-116
-104
-102
-112
-117
-106
-113
-103
-81
-97
-98
-74
-57
-52
-66
-147
-208
-176
-116
-101
-114
-127
-105
-91
-106
-111
-83
-50
-30
-67
-87
-85
-112
-179
-190
-155
-118
-114
-109
-61
-53
-75
-101
-105
-113
-131
-151
-151
-126
-92
-71
-79
-141
-204
-173
-67
2
-45
-122
-119
-119
-168
-180
-143
-81
-74
-32
29
-48
-160
-168
-129
-103
-97
-121
-185
-197
-121
-54
-52
-66
-70
-98
-140
-109
-36
-12
-67
-159
-187
-161
-141
-143
-149
-164
-193
-147
0
84
18
-24
34
44
-71
-172
-222
-220
-194
-184
-168
-134
-106
-74
-67
-44
-57
-100
-124
-86
-71
-78
-120
-155
-169
-159
-162
-201
-189
-130
-109
-85
-15
31
-13
-108
-169
-152
-129
-109
-94
-51
-55
-96
-101
-93
-163
-219
-229
-149
-47
14
-48
-134
-79
9
-22
-83
-93
-137
-195
-183
-114
-78
-58
-57
-85
-156
-170
-159
-167
-146
-120
-100
-92
-76
-41
-17
-25
1
39
-83
-188
-200
-189
-136
-46
-26
-76
-52
24
13
-72
-177
-219
-188
-158
-133
-154
-215
-239
-207
-116
-55
-20
25
49
-3
-120
-191
-218
-239
-246
-191
-74
-19
-12
9
-9
-53
-109
-151
-185
-153
-76
-95
-97
-138
-188
-166
-130
-114
-97
-91
-65
-24
-46
-96
-111
-167
-176
-112
-39
-16
-83
-160
-203
-202
-157
-85
-27
20
-24
-122
-150
-144
-152
-106
-53
-95
-123
-155
-154
-45
31
-28
-160
-217
-217
-133
-64
-71
-118
-129
-88
-67
-53
-24
-30
-80
-129
-101
-83
-118
-179
-217
-192
-122
-96
-89
-77
-113
-141
-150
-97
-75
-98
-63
-29
-59
-70
-39
-29
-81
-155
-193
-215
-205
-188
-138
-82
-33
-38
-78
-123
-63
-43
-58
-52
-84
-128
-179
-194
-226
-211
-100
-36
-39
-51
-50
-70
-132
-166
-146
-63
-31
-89
-147
-151
-130
-106
-124
-114
-87
-105
-146
-152
-123
-127
-161
-150
-72
-59
-82
-41
9
5
-45
-146
-209
-192
-116
-67
-93
-122
-132
-124
-94
-122
-151
-149
-115
-82
-91
-99
-82
-59
-71
-69
-124
-148
-107
-84
-73
-77
-130
-167
-164
-136
-103
-74
-81
-133
-107
-57
-78
-105
-122
-88
-89
-150
-141
-101
-76
-82
-120
-155
-200
-183
-128
-64
-7
-44
-114
-132
-125
-104
-51
-28
-45
-123
-149
-149
-115
-54
-49
-55
-43
-42
-82
-146
-211
-213
-171
-154
-149
-118
-58
-79
-90
-91
-127
-169
-190
-131
-51
-17
-36
-64
-98
-114
-130
-113
-74
-109
-167
-145
-88
-48
-40
-84
-177
-224
-222
-171
-104
30
155
108
-66
-162
-184
-180
-130
-113
-155
-189
-195
-216
-155
-44
-4
-1
-13
-48
-100
-107
-97
-113
-126
-121
-97
-110
-137
-159
-134
-68
-51
-87
-106
-114
-117
-60
-54
-73
-111
-171
-192
-113
-52
-41
-81
-92
-104
-88
-98
-117
-91
-73
-81
-149
-169
-127
-62
-65
-71
-61
-86
-121
-167
-188
-162
-99
-40
-45
-125
-166
-216
-203
-85
-20
-23
-19
-82
-136
-153
-126
-59
-20
-59
-121
-113
-101
-77
-69
-112
-122
-126
-147
-143
-162
-176
-113
-49
-59
-99
-115
-82
-65
-94
-130
-146
-133
-104
-74
-35
-46
-123
-180
-154
-124
-99
-88
-81
-78
-90
-126
-142
-128
-108
-18
34
4
-49
-86
-94
-141
-172
-164
-164
-147
-113
-90
-76
-65
-43
-53
-119
-136
-105
-139
-162
-92
-14
36
13
-97
-193
-230
-245
-218
-152
-98
-65
-34
-8
-2
-60
-77
-80
-132
-193
-178
-88
-43
-60
-35
-80
-138
-140
-150
-167
-177
-138
-57
-4
-65
-145
-142
-144
-164
-181
-204
-119
-19
82
138
39
-130
-204
-139
-83
-119
-165
-182
-189
-156
-53
81
148
29
-136
-208
-213
-114
-86
-10
-36
-145
-142
-105
-139
-98
-105
-171
-171
-112
10
60
-67
-183
-226
-207
-103
-29
-35
-161
-205
-217
-240
-161
16
28
-41
-169
-198
-81
-28
2
-55
-168
-220
-224
-200
-213
-138
-61
-16
106
-3
-159
-217
-233
-164
-113
-65
-46
-80
48
22
-144
-211
-237
-202
-87
31
54
26
-85
-190
-229
-109
108
197
51
-71
-63
-166
-219
-240
-244
-61
79
33
-4
-86
-180
-215
-226
-154
1
101
24
-48
-25
-54
-175
-223
-242
-212
-56
-18
14
-51
-83
22
117
-17
-161
-217
-240
-192
-158
-209
-108
-10
69
171
183
-49
-174
-222
-242
-242
-91
-16
-75
-139
-90
89
157
48
-114
-199
-233
-131
70
-24
-164
-219
-216
-122
-5
32
-67
-144
-119
-68
-60
-174
-204
-86
32
30
-127
-191
-163
-112
-74
-153
-207
-141
-69
-47
-87
-111
-52
-108
-175
-145
-87
-151
-183
-109
-63
57
121
33
-92
-191
-229
-227
-237
-248
-233
-127
2
119
154
87
32
-123
-203
-215
-229
-209
-164
-87
-138
-176
-135
-130
-60
90
189
27
-145
-211
-237
-156
5
69
45
0
-13
-78
-184
-192
-224
-221
-185
-134
-76
-57
-156
-217
-240
-166
63
180
225
201
-66
-180
-224
-243
-213
-148
-142
-203
-235
-227
-75
87
187
133
-54
-132
-82
-102
-194
-230
-223
-83
-88
-130
-152
-199
-186
-112
-56
32
114
83
-104
-196
-231
-246
-163
45
143
75
-66
-180
-209
-235
-247
-247
-121
12
43
70
45
-9
-89
-166
-181
-199
-188
-188
-210
-237
-183
-125
-93
-56
-1
51
13
-40
-63
-81
-86
-126
-165
-198
-232
-246
-219
-45
79
71
-84
-159
-141
-118
-63
83
175
41
-140
-209
-236
-234
-53
55
47
68
169
90
-102
-194
-231
-234
-179
-124
-76
-116
-125
-27
73
163
20
-148
-212
-193
-77
23
-49
-177
-224
-243
-242
-154
83
185
113
-59
-178
-224
-188
-138
-130
-81
-56
-136
-158
-34
5
-52
-96
-174
-202
-182
-138
-16
-16
-49
-94
-123
-167
-187
-151
-109
-133
-163
-167
-107
2
133
65
-54
-58
23
1
-138
-208
-236
-244
-189
-153
-164
-201
-101
95
184
98
-17
-146
-194
-107
-87
-170
-220
-164
-122
-129
-171
-175
-149
-154
-176
-162
-49
90
139
83
61
36
-114
-154
-86
-80
-171
-222
-241
-233
-116
-68
-97
-77
-70
-66
-9
44
-12
-113
-166
-82
-49
-79
-44
-69
-144
-120
-112
-175
-176
-77
-36
-82
-156
-169
-143
-173
-212
-141
-19
52
23
-40
-70
-70
-21
11
-92
-189
-229
-190
-76
-25
-71
-152
-210
-220
-173
-113
0
73
1
-7
84
37
-58
-146
-212
-238
-248
-238
-129
-99
-130
-158
-72
88
136
54
-26
-152
-214
-238
-124
29
6
-100
-142
-173
-209
-155
-78
-90
-131
-149
-137
-129
-97
-47
-50
-49
13
31
11
-122
-203
-232
-202
-104
84
64
-96
-193
-229
-187
-177
-161
-35
54
92
22
-118
-146
-115
-89
-131
-149
-138
-144
-193
-191
-194
-220
-201
-66
6
50
137
166
-14
-161
-217
-226
-193
-161
-113
-85
-111
-132
-128
-117
-72
-46
-78
-138
-170
-158
-47
26
-9
-46
-94
-85
-30
-114
-200
-208
-186
-151
-137
-132
-98
-65
-90
-111
-77
-59
-29
21
-34
-136
-209
-217
-138
-107
-80
-61
-64
-113
-151
-119
-113
-125
-137
-117
-86
-67
-48
-73
-109
-103
-34
7
-58
-178
-181
-120
-91
-68
-110
-193
-230
-205
-125
-66
-39
-7
-52
-106
-104
-87
-108
-111
-96
-150
-157
-125
-117
-134
-165
-151
-118
-84
-27
-4
-72
-119
-123
-106
-102
-94
-66
-79
-129
-163
-174
-186
-188
-137
-74
-70
-126
-156
-124
-69
-2
2
-35
-96
-149
-189
-199
-178
-145
-52
-13
-102
-91
-26
-68
-168
-169
-118
-45
-36
-101
-168
-177
-171
-165
-168
-154
-137
-127
-104
-86
-29
53
95
-32
-148
-184
-161
-142
-165
-167
-173
-166
-145
-128
-116
-113
-122
-124
-107
-72
-49
-31
-17
-46
-40
-31
-130
-207
-211
-181
-167
-158
-107
-66
-71
-82
-46
39
26
-106
-165
-180
-185
-175
-158
-126
-79
-80
-116
-136
-141
-153
-138
-95
-20
26
25
-23
-104
-170
-183
-174
-161
-138
-118
-112
-147
-156
-122
-122
-135
-93
-51
-19
-20
-35
-78
-121
-147
-136
-142
-158
-152
-113
-96
-59
-27
-91
-141
-118
-116
-102
-110
-128
-123
-111
-111
-89
-95
-137
-155
-126
-95
-85
-82
-55
3
-37
-133
-160
-150
-171
-163
-159
-157
-127
-91
-81
-83
-53
-61
-74
0
6
-102
-182
-189
-156
-120
-131
-150
-148
-121
-94
-96
-96
-70
-51
-55
-70
-111
-181
-188
-146
-130
-123
-131
-120
-99
-78
-48
-33
-74
-92
-83
-32
-46
-145
-196
-219
-212
-155
-134
-146
-135
-82
-25
-40
-66
-66
-40
-35
-87
-135
-120
-87
-104
-145
-195
-205
-164
-116
-119
-132
-115
-80
-1
9
-75
-182
-202
-179
-136
-92
-46
-33
-98
-140
-154
-114
-90
-109
-123
-119
-143
-168
-142
-82
-49
-77
-85
-82
-116
-163
-164
-132
-68
-26
-48
-100
-144
-146
-134
-124
-144
-153
-104
-51
-11
-15
-68
-125
-162
-131
-148
-195
-194
-153
-126
-114
-118
-135
-114
-68
-13
-11
-68
-133
-121
-86
-114
-170
-160
-107
-86
-119
-157
-153
-142
-113
-64
-50
-108
-136
-117
-60
-43
-83
-103
-89
-112
-121
-140
-140
-128
-109
-90
-93
-135
-149
-121
-76
-70
-108
-170
-184
-146
-104
-69
-53
-74
-103
-125
-129
-124
-85
-61
-98
-139
-132
-117
-108
-72
-16
-25
-102
-134
-153
-169
-139
-115
-139
-163
-166
-154
-124
-102
-106
-89
-48
-17
-39
-24
-11
-83
-151
-189
-211
-188
-166
-153
-134
-123
-108
-90
-88
-68
-13
-71
-101
-45
-7
-73
-155
-214
-204
-148
-105
-97
-112
-113
-126
-146
-116
-59
-71
-85
-91
-82
-62
-73
-111
-152
-186
-180
-135
-84
-70
-82
-51
-55
-109
-161
-120
-67
-52
-77
-130
-141
-137
-138
-153
-144
-124
-97
-72
-58
-49
-60
-95
-101
-83
-106
-132
-143
-138
-130
-133
-138
-140
-134
-115
-77
-64
-82
-70
-55
-48
-50
-105
-139
-145
-115
-129
-153
-168
-192
-170
-82
-40
-51
-91
-99
-63
-26
4
-17
-127
-205
-196
-157
-140
-146
-148
-127
-113
-80
-46
-115
-143
-116
-75
-27
1
-33
-113
-181
-151
-83
-67
-127
-161
-170
-151
-124
-111
-112
-125
-109
-89
-48
-16
-47
-62
-45
-87
-139
-110
-109
-127
-120
-129
-138
-144
-153
-164
-136
-92
-67
-66
-94
-105
-69
-2
-4
-96
-157
-181
-183
-174
-143
-128
-132
-121
-112
-71
9
24
4
-66
-167
-207
-185
-148
-119
-105
-106
-113
-128
-136
-144
-149
-88
16
54
-3
-71
-73
-70
-124
-161
-178
-170
-162
-157
-149
-134
-117
-82
-44
-55
-44
11
31
-52
-156
-185
-151
-128
-111
-107
-123
-144
-145
-116
-74
-29
-22
-70
-114
-142
-154
-143
-113
-59
-37
-46
-112
-160
-134
-69
-42
-78
-125
-114
-88
-106
-80
-39
-72
-138
-151
-131
-110
-110
-128
-121
-79
-33
-41
-105
-127
-92
-59
-59
-67
-100
-149
-128
-73
-115
-149
-131
-115
-111
-133
-157
-126
-74
-28
-12
-36
-79
-104
-113
-120
-103
-80
-19
-58
-154
-187
-176
-147
-115
-90
-77
-85
-95
-85
-56
-47
-61
-66
-85
-114
-119
-144
-178
-167
-101
-47
-53
-105
-127
-115
-97
-75
-53
-80
-98
-104
-92
-50
-24
-64
-102
-136
-148
-140
-132
-136
-122
-115
-79
-22
-3
-57
-70
-59
-113
-154
-152
-148
-144
-142
-143
-141
-134
-115
-87
-68
-28
33
-8
-113
-149
-94
-26
-40
-133
-180
-215
-199
-156
-132
-129
-123
-119
-108
-98
-64
-20
18
26
-35
-116
-185
-196
-168
-141
-142
-155
-139
-119
-100
-101
-53
17
26
-41
-134
-189
-132
-58
-31
-51
-148
-214
-210
-181
-154
-131
-105
-67
-52
-73
-91
-79
-88
-79
-88
-97
-97
-96
-122
-149
-126
-123
-120
-134
-139
-102
-74
-51
-30
-46
-62
-92
-121
-137
-155
-161
-168
-156
-150
-149
-135
-108
-100
-93
-49
40
36
-55
-140
-196
-213
-163
-112
-116
-156
-161
-154
-134
-121
-106
-80
-72
-54
-29
5
-38
-132
-180
-166
-139
-132
-136
-140
-147
-134
-120
-114
-120
-118
-61
-10
-40
-46
-49
-95
-140
-155
-154
-157
-155
-141
-131
-133
-137
-121
-113
-142
-100
-78
-99
-91
-44
-6
-25
-68
-140
-199
-196
-168
-161
-158
-139
-117
-108
-77
-56
-81
-121
-131
-120
-92
-92
-100
-42
-36
-125
-162
-160
-167
-153
-116
-88
-95
-95
-70
-48
-77
-120
-133
-145
-135
-105
-95
-126
-149
-149
-144
-127
-94
-79
-64
-54
-72
-77
-80
-80
-55
-72
-145
-191
-195
-166
-129
-120
-131
-124
-109
-108
-109
-88
-80
-82
-71
-45
-16
-47
-75
-102
-158
-190
-172
-150
-138
-146
-150
-149
-127
-86
-48
-54
-87
-89
31
91
-47
-150
-188
-206
-212
-214
-203
-173
-140
-126
-110
-90
-81
-84
-72
-26
-18
-63
-114
-115
-109
-103
-100
-131
-164
-179
-169
-151
-154
-134
-98
-54
-25
-34
-96
-120
-76
-38
-50
-92
-106
-129
-178
-196
-193
-178
-148
-111
-126
-134
-124
-88
4
125
84
-21
-92
-125
-148
-114
-107
-163
-202
-215
-173
-118
-97
-114
-113
-69
0
24
-89
-190
-222
-173
-109
-61
-66
-111
-175
-201
-187
-150
-111
-87
-61
-12
-25
-113
-138
-107
-89
-79
-113
-153
-172
-161
-125
-112
-87
-51
-60
-105
-137
-77
-1
-46
-122
-144
-149
-188
-181
-122
-100
-112
-166
-183
-181
-138
-74
22
134
94
-54
-109
-37
-116
-201
-233
-228
-176
-200
-218
-201
-167
-124
-72
-53
-52
-15
31
41
26
2
-97
-170
-196
-219
-208
-221
-201
-198
-188
-165
-143
-139
-36
127
198
110
90
108
69
-99
-193
-230
-245
-251
-235
-197
-198
-191
-181
-123
-10
69
5
-72
31
150
115
39
-91
-162
-165
-216
-239
-249
-252
-251
-219
-192
-113
-4
83
102
32
13
-3
-131
-206
-228
-176
-113
-24
-60
-152
-207
-200
-146
-101
-94
-121
-100
-31
31
56
75
97
-43
-169
-189
-223
-242
-250
-253
-237
-206
-177
-130
-31
70
47
-35
0
105
8
-151
-187
-113
-115
-104
-179
-224
-242
-215
-188
-172
-133
-79
17
44
-2
-44
-67
28
78
-33
-93
-98
-151
-214
-222
-216
-202
-206
-203
-156
-120
-66
-49
-29
24
67
159
73
-107
-196
-231
-246
-234
-155
-134
-109
-99
-150
-191
-136
-64
18
64
130
151
-10
-159
-216
-235
-247
-226
-166
-91
-101
-129
-140
-98
-45
71
112
-11
-96
-121
-121
-196
-231
-246
-243
-180
-149
-174
-165
-50
85
114
10
-93
-97
-19
-26
-120
-113
-95
-122
-107
-126
-180
-225
-233
-209
-187
-148
-82
-32
26
76
84
-7
-139
-210
-219
-161
-54
45
-45
-173
-212
-206
-184
-163
-128
-110
-85
0
6
-39
-75
-84
-14
58
-9
-124
-198
-209
-229
-245
-251
-215
-179
-125
-47
32
128
128
-5
-111
-193
-191
-143
-162
-98
-71
-132
-207
-223
-227
-203
-78
86
189
162
-30
-166
-220
-241
-231
-142
-63
-69
13
142
116
-20
-160
-217
-239
-180
-151
-94
-69
28
30
-88
-153
-148
-167
-214
-171
-75
-57
-151
-203
-118
47
174
214
22
-146
-211
-237
-248
-197
-57
2
-52
-116
-73
-9
17
6
65
56
-34
-165
-219
-241
-239
-164
-106
-15
68
65
39
-68
-181
-224
-188
-154
-171
-149
-94
-17
0
6
-41
-108
-194
-225
-107
8
7
-97
-193
-207
-91
23
29
-78
-187
-190
-55
25
-10
-48
-151
-214
-239
-225
-113
-38
-6
-39
-53
3
71
59
-18
-154
-215
-239
-169
-55
-29
-105
-184
-142
-82
-56
-20
-52
-133
-157
-148
-129
-127
-159
-106
-61
-80
-41
-89
-146
-77
32
-14
-138
-209
-221
-203
-178
-101
-53
-20
-44
-72
-69
-19
-38
-53
-64
-129
-205
-235
-194
-89
-49
-66
-94
-67
-93
-108
-130
-188
-210
-133
45
111
22
-86
-138
-147
-106
-139
-149
-164
-195
-201
-144
-55
6
33
-79
-167
-160
-97
-25
-16
-69
-117
-141
-122
-95
-77
-123
-184
-204
-178
-164
-167
-159
-118
-35
33
37
-30
-76
-123
-190
-140
-30
14
0
-93
-169
-221
-231
-139
-57
0
14
-9
-38
-148
-198
-94
61
101
-83
-186
-182
-161
-85
33
73
26
-67
-116
-154
-114
-161
-182
-170
-217
-240
-249
-170
-9
29
6
-103
-192
-204
-230
-234
-167
-92
-35
15
38
87
82
2
-133
-207
-236
-220
-147
-113
-107
-140
-165
-175
-137
-93
52
176
147
6
-147
-212
-238
-231
-149
-135
-139
-119
-116
-116
-112
-108
-102
-96
-92
-87
-67
-40
-39
-21
8
-11
-76
-154
-193
-193
-184
-163
-142
-130
-123
-118
-114
-111
-106
-105
-104
-103
-100
-97
-98
-98
-98
-99
-98
-99
-99
-102
-101
-100
-98
-91
-85
-90
-104
-110
-106
-100
-104
-110
-110
-108
-104
-103
-103
-102
-102
-102
-102
-102
-103
-102
-102
-103
-103
-103
-103
-103
-103
-104
-104
-103
-104
-104
-104
-103
-105
-105
-105
-104
-105
-105
-106
-106
-107
-107
-106
-106
-106
-106
-105
-106
-106
-107
-108
-109
-109
-108
