-11137
-106
-107
-107
-106
-105
-104
-103
-104
-105
-106
-105
-105
-104
-105
-106
-106
-107
-107
-106
-106
-106
-106
-106
-106
-107
-106
-106
-105
-106
-107
-107
-106
-106
-107
-107
-107
-106
-106
-106
-107
-107
-107
-107
-106
-105
-106
-107
-107
-106
-105
-105
-104
-103
-104
-104
-105
-106
-106
-106
-106
-106
-105
-105
-106
-106
-105
-105
-106
-105
-105
-104
-105
-105
-105
-105
-105
-105
-104
-104
-103
-103
-103
-104
-104
-104
-104
-104
-104
-104
-105
-105
-105
-105
-105
-106
-106
-106
-106
-106
-105
-106
-105
-104
-103
-103
-104
-104
-104
-105
-105
-105
-105
-105
-105
-104
-104
-105
-106
-106
-106
-106
-106
-106
-105
-106
-106
-105
-105
-105
-107
-106
-105
-105
-105
-106
-106
-106
-106
-106
-106
-106
-105
-105
-105
-106
-106
-106
-106
-106
-106
-106
-107
-106
-105
-106
-105
-105
-105
-105
-104
-104
-104
-104
-103
-103
-102
-102
-102
-102
-103
-104
-106
-105
-105
-105
-106
-107
-106
-106
-105
-106
-106
-106
-106
-106
-107
-106
-106
-107
-106
-106
-106
-106
-106
-106
-106
-105
-105
-105
-105
-105
-105
-105
-105
-105
-105
-104
-104
-105
-105
-105
-104
-105
-105
-104
-104
-103
-103
-104
-105
-105
-105
-106
-106
-106
-107
-107
-105
-104
-104
-105
-105
-106
-107
-107
-106
-106
-105
-105
-105
-105
-105
-105
-105
-104
-105
-105
-105
-104
-105
-104
-104
-105
-106
-106
-106
-105
-104
-104
-104
-103
-103
-104
-105
-104
-105
-105
-106
-106
-104
-104
-105
-105
-105
-105
-105
-105
-105
-105
-105
-105
-105
-105
-105
-106
-108
-107
-106
-107
-107
-107
-106
-107
-106
-106
-106
-107
-107
-107
-106
-106
-106
-105
-107
-107
-107
-108
-107
-107
-107
-106
-106
-106
-106
-106
-106
-106
-106
-105
-105
-105
-105
-105
-106
-105
-105
-105
-105
-105
-104
-104
-103
-104
-105
-105
-104
-104
-104
-105
-105
-105
-105
-105
-105
-105
-104
-104
-102
-102
-101
-100
-101
-101
-102
-103
-103
-104
-104
-104
-106
-106
-106
-106
-106
-106
-105
-106
-106
-106
-106
-106
-106
-105
-104
-104
-104
-105
-105
-105
-105
-105
-104
-105
-105
-106
-106
-106
-106
-106
-105
-105
-104
-104
-105
-105
-106
-106
-107
-107
-106
-106
-106
-105
-105
-105
-105
-107
-106
-106
-105
-106
-105
-106
-107
-107
-107
-106
-105
-105
-105
-105
-105
-105
-104
-104
-103
-102
-99
-95
-91
-92
-100
-110
-116
-118
-116
-113
-111
-111
-109
-108
-109
-109
-109
-108
-108
-108
-108
-107
-107
-106
-106
-106
-106
-106
-107
-106
-106
-106
-105
-105
-106
-107
-107
-106
-106
-107
-108
-108
-105
-102
-102
-106
-106
-100
-98
-102
-107
-109
-108
-107
-105
-106
-104
-103
-103
-99
-92
-91
-98
-99
-90
-73
-67
-81
-94
-91
-85
-81
-94
-119
-131
-129
-128
-132
-134
-130
-127
-121
-116
-106
-89
-64
-48
-56
-73
-88
-99
-107
-113
-127
-133
-146
-152
-140
-132
-119
-96
-81
-96
-115
-115
-97
-80
-83
-83
-90
-109
-114
-102
-95
-104
-111
-105
-113
-139
-156
-158
-141
-116
-105
-93
-78
-72
-78
-85
-84
-85
-90
-89
-89
-78
-70
-95
-127
-151
-166
-148
-123
-106
-94
-88
-97
-97
-100
-100
-89
-70
-47
-55
-90
-127
-119
-99
-90
-110
-127
-132
-141
-167
-179
-153
-106
-84
-87
-100
-105
-107
-108
-97
-68
-38
-40
-54
-83
-135
-184
-213
-201
-148
-84
-48
-58
-78
-62
-31
-19
-64
-136
-171
-162
-151
-144
-134
-111
-83
-63
-79
-96
-94
-92
-98
-119
-113
-96
-94
-99
-85
-65
-83
-90
-104
-135
-141
-124
-105
-114
-118
-100
-68
-43
-47
-77
-106
-123
-125
-118
-108
-82
-74
-93
-111
-107
-114
-132
-126
-99
-93
-126
-144
-135
-124
-102
-74
-56
-70
-118
-132
-108
-84
-75
-47
-32
-67
-125
-185
-199
-163
-113
-94
-105
-117
-118
-112
-102
-108
-126
-128
-89
-46
-88
-122
-107
-101
-74
-52
-53
-72
-126
-173
-160
-140
-129
-114
-79
-97
-158
-161
-86
-42
-60
-78
-72
-88
-105
-77
-37
-27
-79
-129
-182
-201
-201
-177
-105
-58
-85
-140
-152
-116
-46
-17
-38
-16
19
-28
-130
-187
-226
-233
-197
-152
-107
-86
-84
-75
-69
-84
-111
-103
-84
-79
-76
-77
-115
-171
-194
-157
-78
-24
-15
-26
-75
-123
-137
-126
-91
-75
-121
-167
-157
-114
-52
-2
-21
-112
-170
-192
-187
-182
-163
-132
-96
-56
-25
-25
-60
-70
-60
-69
-112
-148
-152
-141
-129
-144
-153
-139
-106
-80
-76
-47
-6
-39
-131
-154
-132
-103
-110
-139
-142
-101
-58
-75
-117
-138
-130
-119
-122
-132
-139
-117
-100
-72
-31
-37
-91
-107
-111
-116
-119
-123
-104
-112
-133
-149
-155
-140
-134
-126
-98
-52
-31
-53
-103
-141
-140
-116
-84
-70
-110
-152
-144
-109
-89
-92
-89
-86
-95
-118
-105
-93
-92
-83
-95
-144
-165
-141
-86
-62
-92
-124
-130
-126
-136
-144
-112
-81
-78
-100
-112
-69
-44
-71
-108
-107
-114
-136
-117
-92
-79
-76
-91
-143
-175
-173
-141
-116
-105
-98
-78
-97
-108
-102
-91
-86
-84
-53
-40
-72
-114
-122
-155
-172
-136
-88
-97
-159
-176
-120
-94
-126
-149
-128
-82
-64
-51
-23
-35
-91
-150
-175
-174
-175
-161
-135
-117
-107
-132
-146
-109
-38
5
-5
-62
-128
-179
-191
-165
-110
-80
-108
-121
-90
-63
-58
-69
-80
-100
-129
-145
-137
-127
-122
-90
-78
-83
-92
-98
-110
-137
-153
-140
-108
-89
-94
-116
-124
-113
-103
-74
-34
-39
-115
-171
-159
-128
-93
-86
-111
-166
-182
-148
-115
-94
-68
-55
-45
-40
-60
-94
-129
-135
-121
-138
-167
-166
-145
-114
-88
-105
-111
-75
-57
-79
-103
-94
-82
-95
-114
-119
-135
-167
-169
-151
-119
-88
-73
-83
-119
-140
-127
-92
-69
-80
-102
-115
-132
-132
-100
-70
-53
-56
-82
-117
-143
-133
-104
-88
-87
-104
-118
-102
-83
-133
-199
-178
-124
-95
-88
-95
-115
-119
-90
-27
-27
-76
-108
-113
-128
-149
-149
-131
-118
-118
-90
-74
-75
-76
-92
-115
-113
-134
-153
-130
-103
-119
-137
-114
-83
-64
-84
-100
-83
-62
-50
-68
-114
-148
-168
-176
-148
-116
-98
-104
-127
-114
-71
-55
-112
-135
-77
-48
-72
-112
-121
-150
-168
-138
-98
-108
-126
-91
-45
-72
-107
-84
-95
-155
-155
-90
-76
-111
-147
-144
-134
-113
-80
-74
-91
-108
-112
-111
-108
-104
-111
-104
-78
-84
-125
-138
-125
-128
-115
-80
-65
-79
-89
-119
-171
-168
-106
-72
-95
-132
-126
-93
-89
-106
-101
-88
-106
-135
-132
-108
-110
-131
-142
-137
-125
-103
-74
-68
-84
-104
-92
-90
-105
-106
-88
-77
-99
-121
-88
-51
-51
-85
-131
-152
-151
-142
-139
-121
-102
-88
-80
-99
-119
-122
-93
-81
-108
-118
-104
-111
-106
-80
-53
-71
-111
-125
-136
-143
-143
-155
-162
-144
-106
-77
-64
-57
-40
-56
-98
-135
-123
-86
-80
-110
-143
-173
-180
-142
-83
-61
-65
-40
-1
-19
-84
-122
-144
-160
-170
-148
-127
-126
-153
-158
-133
-92
-66
-57
-67
-97
-108
-93
-112
-151
-151
-106
-85
-91
-112
-130
-134
-98
-59
-70
-82
-86
-111
-125
-126
-125
-143
-144
-122
-99
-96
-56
-20
-67
-145
-136
-100
-80
-83
-111
-169
-196
-159
-112
-89
-59
-36
-53
-91
-109
-123
-136
-153
-163
-143
-121
-76
-32
3
30
18
-104
-192
-195
-195
-158
-113
-121
-159
-162
-91
-9
21
-11
-63
-83
-129
-177
-147
-125
-125
-127
-144
-161
-152
-115
-113
-133
-145
-105
-47
-12
-32
-85
-126
-114
-84
-65
-58
-47
-55
-122
-135
-122
-173
-194
-178
-163
-124
-41
8
8
-31
-58
-102
-188
-228
-218
-166
-129
-101
-103
-105
-72
-34
2
-40
-111
-159
-166
-142
-94
-25
3
25
-17
-84
-145
-208
-236
-248
-208
-115
-97
-87
-44
-2
-6
-14
-20
-69
-160
-218
-200
-92
-8
-14
-106
-167
-181
-151
-62
-42
-106
-189
-229
-198
-67
51
121
107
-15
-138
-209
-236
-221
-143
-115
-63
-9
-34
-90
-133
-175
-159
-173
-142
-74
-92
-136
-175
-179
-158
-158
-54
127
204
103
-90
-190
-229
-244
-251
-253
-238
-212
-61
116
200
152
-52
-153
-182
-225
-132
-77
-163
-187
-175
-112
-57
-72
-172
-186
-86
46
34
-44
-68
-64
-120
-202
-233
-184
-163
-113
-118
-145
-159
-43
100
92
-56
-176
-224
-241
-198
-105
-21
37
92
139
55
-97
-182
-223
-242
-250
-249
-115
55
56
-13
-15
-67
-159
-217
-240
-179
-66
3
64
71
-30
-168
-221
-241
-204
-64
-50
-76
-34
-54
-155
-170
-99
-10
14
33
96
11
7
7
-135
-207
-236
-247
-252
-254
-203
-108
12
149
157
141
127
-69
-182
-223
-173
-149
-139
-99
-106
-185
-228
-238
-187
-18
71
161
81
-95
-113
-164
-217
-157
-156
-102
-80
-152
-210
-176
-126
-182
-223
-123
0
-15
-35
62
117
37
-77
-182
-208
-226
-243
-250
-218
-126
-121
-142
-105
-31
0
85
144
103
1
-105
-163
-172
-108
-166
-220
-241
-249
-138
16
16
34
110
198
222
-5
-156
-215
-239
-248
-141
21
77
3
-145
-211
-237
-248
-185
-91
-17
-3
-30
58
175
218
9
-151
-213
-193
-154
-139
-141
-153
-110
-147
-138
-142
-75
57
67
-70
-184
-226
-194
-102
-127
-110
-44
-19
1
22
-97
-194
-195
-22
-23
-166
-213
-199
-181
-48
110
113
-71
-183
-226
-220
-117
41
63
6
-44
-163
-219
-236
-237
-248
-252
-254
-172
78
180
84
-72
-146
-123
-127
-145
-178
-137
-151
17
139
117
-85
-188
-228
-244
-237
-192
-100
-33
-23
5
86
181
225
115
-106
-195
-231
-245
-251
-210
-133
-94
-107
-39
12
84
187
227
150
-87
-188
-228
-244
-210
-186
-157
-137
-161
-163
-123
-67
24
146
194
142
-23
-141
-209
-236
-212
-103
-98
-191
-229
-226
-228
-146
-74
-13
78
66
57
51
-10
-96
-170
-198
-171
-118
-169
-214
-219
-141
-89
-115
-109
-16
46
31
31
82
3
-136
-208
-236
-241
-183
-179
-164
-92
-28
-38
-67
-69
10
58
82
-18
-120
-160
-163
-166
-217
-240
-244
-170
-87
-24
8
-23
-45
13
88
12
-70
-176
-223
-182
-94
-52
-87
-140
-173
-144
-104
-118
-135
-132
-87
-43
-40
-104
-164
-104
-32
1
-1
-26
-138
-188
-191
-168
-164
-172
-188
-156
-12
111
28
-123
-49
109
99
-32
-122
-191
-222
-242
-249
-202
-155
-139
-130
-98
-112
-128
-47
104
156
39
-62
-81
-142
-210
-191
-142
-114
-117
-141
-162
-152
-146
-95
23
95
4
-98
-141
-127
-147
-152
-116
-108
-118
-110
-114
-151
-172
-165
-79
22
47
-16
-48
-7
-25
-122
-199
-233
-244
-211
-91
-7
-20
-104
-150
-160
-111
-82
-95
-99
-27
-7
-98
-120
-95
-95
-124
-150
-117
-113
-180
-197
-144
-46
10
-45
-84
-63
-64
-67
-20
-42
-160
-217
-238
-192
-161
-149
-114
-85
-63
-47
-35
4
0
-68
-133
-77
-47
-129
-198
-180
-185
-172
-144
-129
-121
-105
-100
-106
-70
-7
13
-27
-62
-111
-178
-192
-199
-177
-86
-52
-148
-211
-160
-108
-87
-62
-65
-80
-78
-75
-100
-85
-83
-135
-162
-127
-78
-66
-119
-171
-178
-148
-119
-90
-46
-13
-59
-86
-80
-89
-115
-124
-125
-122
-155
-172
-177
-168
-126
-76
-48
-61
-92
-70
-35
-36
-67
-143
-147
-78
-81
-108
-115
-173
-216
-187
-126
-102
-103
-102
-92
-56
19
91
13
-130
-202
-233
-194
-123
-118
-147
-154
-155
-154
-121
-99
-96
-101
-79
-6
42
19
-96
-194
-211
-178
-133
-109
-139
-159
-149
-135
-111
-108
-127
-122
-70
-36
-13
3
-65
-148
-169
-166
-156
-128
-156
-166
-109
-79
-91
-114
-133
-129
-107
-64
-28
-48
-106
-141
-141
-105
-82
-91
-95
-97
-144
-199
-203
-167
-130
-97
-72
-56
-77
-98
-90
-91
-88
-10
5
-76
-176
-194
-172
-158
-171
-167
-143
-108
-68
-75
-124
-161
-150
-119
-93
-84
-58
7
42
-48
-156
-185
-168
-146
-136
-151
-160
-150
-142
-153
-157
-141
-128
-114
-90
-75
-44
-32
-38
-28
-27
-75
-161
-185
-169
-165
-155
-143
-157
-160
-137
-108
-102
-120
-107
-29
41
26
-71
-163
-177
-182
-161
-126
-124
-171
-178
-136
-94
-73
-87
-90
-94
-103
-67
-29
-65
-112
-121
-127
-120
-118
-138
-137
-138
-164
-140
-93
-106
-145
-153
-115
-92
-88
-69
-33
-8
-34
-98
-118
-116
-111
-105
-115
-131
-131
-158
-160
-144
-136
-137
-114
-69
-41
-52
-102
-107
-75
-76
-124
-119
-159
-171
-136
-98
-86
-102
-107
-115
-141
-143
-139
-112
-50
16
3
-75
-180
-190
-157
-143
-112
-83
-139
-179
-146
-103
-89
-107
-112
-100
-88
-121
-147
-81
-6
2
-68
-116
-133
-117
-129
-178
-196
-186
-139
-109
-111
-103
-87
-112
-106
-56
-40
-74
-137
-172
-139
-66
-56
-79
-129
-142
-111
-88
-103
-119
-126
-136
-149
-144
-106
-63
-48
-60
-91
-97
-102
-115
-132
-148
-131
-109
-107
-123
-132
-143
-127
-93
-104
-122
-89
-59
-90
-91
-73
-72
-32
-60
-125
-165
-178
-145
-96
-116
-164
-167
-157
-139
-133
-119
-97
-65
-82
-95
-49
-67
-53
16
-6
-109
-177
-223
-225
-182
-127
-83
-58
-78
-131
-147
-107
-74
-68
-110
-98
-47
-31
-29
-101
-144
-164
-177
-164
-121
-100
-101
-121
-130
-124
-133
-138
-63
43
-27
-128
-154
-124
-105
-131
-114
-87
-106
-111
-91
-102
-141
-145
-126
-88
-62
-58
-82
-95
-117
-125
-128
-154
-154
-123
-84
-90
-137
-142
-102
-64
-55
-66
-48
-48
-103
-137
-118
-165
-186
-163
-132
-118
-109
-103
-106
-110
-96
-86
-75
-70
-64
-50
-26
-41
-100
-139
-143
-163
-188
-176
-155
-138
-117
-109
-115
-124
-110
-63
-14
29
9
-40
-111
-125
-99
-141
-190
-199
-186
-147
-130
-151
-141
-108
-92
-79
-53
-54
-66
-70
-67
-66
-55
-82
-132
-149
-156
-163
-168
-143
-111
-90
-72
-45
-27
-34
-92
-157
-154
-109
-79
-126
-157
-146
-125
-116
-121
-102
-94
-110
-80
-26
-48
-125
-177
-117
-45
-54
-95
-117
-131
-132
-129
-111
-115
-124
-127
-131
-124
-103
-65
-43
-72
-90
-62
-88
-82
-89
-148
-180
-162
-125
-104
-115
-117
-121
-108
-79
-75
-89
-107
-101
-116
-134
-102
-58
-73
-102
-107
-86
-76
-95
-134
-167
-166
-165
-148
-113
-63
-39
-33
-99
-149
-147
-127
-111
-103
-99
-82
-92
-118
-113
-85
-77
-94
-127
-126
-109
-91
-96
-108
-130
-142
-134
-119
-107
-91
-31
26
-20
-108
-149
-184
-157
-91
-82
-105
-135
-145
-143
-128
-125
-118
-113
-108
-86
-45
-32
-86
-139
-143
-88
-6
4
-60
-143
-151
-145
-177
-180
-157
-117
-98
-107
-117
-122
-128
-118
-96
-75
-51
-35
-40
-66
-126
-143
-143
-148
-131
-120
-116
-115
-104
-111
-111
-73
-52
-66
-67
-89
-94
-95
-87
-88
-89
-108
-152
-176
-160
-125
-98
-98
-95
-110
-125
-102
-68
-68
-82
-111
-105
-44
-47
-87
-97
-101
-118
-172
-195
-145
-74
-63
-98
-123
-112
-105
-100
-98
-84
-62
-58
-90
-130
-131
-104
-82
-99
-96
-99
-93
-101
-89
-60
-104
-147
-171
-155
-78
-60
-129
-151
-155
-143
-106
-77
-66
-53
-23
-35
-38
-57
-93
-107
-145
-185
-146
-139
-149
-157
-155
-136
-124
-112
-100
-77
-44
-30
-27
-32
-86
-145
-133
-156
-165
-147
-125
-106
-100
-95
-110
-102
-96
-91
-89
-74
-35
-63
-84
-72
-20
-64
-159
-173
-153
-129
-115
-137
-144
-128
-116
-98
-34
-56
-121
-98
-77
-135
-129
-78
-129
-150
-135
-125
-112
-102
-95
-109
-118
-104
-107
-88
-37
20
-38
-153
-179
-152
-108
-77
-103
-122
-140
-133
-112
-108
-116
-121
-87
-64
-35
0
-41
-108
-139
-126
-105
-137
-135
-116
-86
-75
-90
-102
-92
-88
-73
-111
-177
-173
-134
-93
-86
-120
-117
-76
-79
-116
-113
-112
-86
-58
-74
-100
-120
-145
-158
-156
-124
-95
-85
-93
-94
-81
-31
-26
-72
-95
-114
-136
-160
-131
-106
-106
-111
-114
-137
-118
-107
-126
-114
-73
-64
-63
-59
-26
-34
-51
-121
-192
-191
-153
-104
-102
-110
-100
-100
-104
-109
-125
-131
-130
-128
-82
-25
-59
-115
-88
-88
-102
-88
-73
-100
-112
-120
-124
-151
-169
-150
-111
-98
-109
-91
-53
-73
-84
-99
-89
-101
-144
-119
-85
-77
-80
-92
-93
-87
-75
-137
-176
-152
-128
-82
-64
-103
-144
-139
-88
-69
-136
-159
-141
-115
-99
-83
-67
-109
-102
-76
-113
-114
-95
-101
-103
-124
-117
-123
-132
-109
-95
-85
-94
-121
-77
-21
-38
-75
-96
-159
-187
-174
-168
-136
-101
-91
-92
-94
-85
-83
-74
-48
-48
-57
-91
-139
-169
-149
-79
-34
-63
-121
-152
-143
-117
-112
-106
-105
-103
-106
-116
-141
-132
-73
-45
-108
-110
-109
-109
-130
-115
-80
-82
-105
-106
-92
-100
-111
-121
-85
-42
-72
-103
-138
-127
-116
-94
-99
-107
-98
-122
-159
-162
-135
-114
-103
-135
-118
-75
-48
-92
-139
-88
13
67
41
-50
-105
-136
-128
-141
-199
-208
-195
-174
-174
-163
-147
-128
-82
-53
1
81
82
19
-58
-172
-218
-193
-169
-187
-220
-217
-195
-173
-137
-83
-54
-28
6
17
-37
-124
-143
-129
-87
-104
-165
-204
-183
-134
-102
-69
-88
-97
-70
-37
-40
-57
-37
-53
-85
-109
-187
-176
-146
-84
-61
-87
-102
-43
-37
-131
-184
-178
-90
42
97
109
94
15
-120
-202
-234
-247
-252
-237
-209
-194
-174
-154
-113
-44
28
28
-49
-120
-104
-24
-27
-132
-195
-215
-169
-143
-136
-141
-144
-160
-161
-71
39
36
-10
-35
-39
-65
-95
-128
-137
-140
-141
-156
-163
-157
-114
-143
-166
-157
-136
-105
-116
-101
-5
135
191
128
63
-75
-146
-194
-223
-239
-217
-194
-182
-209
-238
-248
-210
-149
-65
31
125
154
58
12
0
-31
-103
-190
-229
-244
-251
-206
-94
-30
-74
-116
-148
-143
-82
-55
-70
-120
-129
-26
128
114
-19
-115
-160
-174
-138
-160
-218
-240
-249
-238
-109
-12
-77
-113
-95
10
119
178
82
-53
-172
-222
-233
-114
-3
0
-38
-133
-208
-236
-173
-124
-196
-176
-130
-102
-88
-71
-4
63
21
0
-39
-163
-219
-240
-214
-235
-246
-196
-127
-49
-28
-20
-15
-49
-66
-72
-49
-24
-26
-138
-209
-237
-222
-106
-47
-34
-115
-149
-135
-90
-48
-63
-121
-151
-168
-169
-128
-86
-35
30
42
-3
-95
-160
-185
-199
-211
-171
-112
-94
-99
-130
-158
-167
-114
-55
-55
-53
-1
-14
-97
-142
-125
-116
-114
-145
-186
-171
-123
-126
-123
-95
-74
-11
15
-34
-143
-211
-138
13
-41
-166
-196
-163
-147
-142
-132
-98
-104
-145
-66
-5
-45
-130
-157
-155
-123
-43
59
98
-53
-177
-224
-238
-216
-201
-183
-87
45
106
7
-132
-207
-182
-67
-14
31
69
-16
-124
-201
-233
-246
-234
-213
-212
-161
-60
38
28
-3
-76
-87
-61
-91
-145
-203
-167
-104
-90
-87
-101
-64
-64
-119
-116
-68
-123
-157
-128
-89
-96
-116
-118
-143
-184
-100
49
47
-76
-161
-193
-139
0
72
-13
-157
-216
-239
-154
15
67
-36
-154
-183
-138
-124
-103
-104
-135
-106
-28
78
63
-97
-193
-207
-81
-35
-54
-71
-80
-125
-197
-232
-246
-205
6
158
216
141
-67
-179
-173
-149
-196
-231
-246
-252
-196
-120
-47
8
86
128
-2
-152
-214
-191
-117
-81
-33
-30
-109
-198
-232
-194
-91
-21
-80
-183
-227
-197
-30
70
53
-17
-78
-109
-55
-39
-36
-64
-175
-223
-242
-250
-227
-162
-55
19
1
-52
-18
54
1
-57
-92
-128
-182
-226
-243
-215
-163
-129
-61
-31
-77
-85
-25
-48
-140
-160
-86
-68
-77
-104
-63
-46
-117
-158
-136
-139
-167
-197
-159
-67
-51
-55
-92
-132
-156
-60
-7
-48
-158
-198
-126
-15
-13
-104
-132
-188
-229
-245
-222
-179
-150
-125
-64
30
141
128
42
-34
-94
-151
-214
-231
-184
-127
-133
-100
-108
-136
-157
-189
-158
-94
9
68
72
33
-59
-137
-202
-234
-242
-209
-172
-156
-136
-101
-67
-33
-13
-30
-89
-182
-194
-114
-26
3
-66
-120
-182
-203
-117
-68
-78
-128
-161
-166
-157
-138
-123
-118
-109
-103
-105
-106
-89
-65
-49
-67
-105
-141
-183
-163
-96
-36
-33
-52
-83
-101
-98
-73
-53
-83
-122
-121
-91
-69
-83
-104
-117
-109
-110
-118
-128
-125
-120
-114
-113
-111
-109
-105
-95
-82
-72
-75
-73
-80
-100
-121
-123
-116
-115
-113
-121
-129
-122
-100
-84
-85
-103
-119
-119
-114
-112
-110
-108
-107
-107
-108
-111
-114
-110
-96
-91
-82
-90
-102
-106
-108
-107
-108
-107
-107
-108
-108
-107
-108
-107
-106
-106
-109
-109
-109
-108
-108
-110
-112
-113
-111
-110
-109
-110
-109
-109
-109
-110
-109
-108
-107
-107
-108
-108
-107
-107
-106
-107
-109
-108
-108
-107
-107
-106
-106
-106
-107
-106
-106
-107
-107
-107
-107
-107
-106
-106
-106
-105
-105
-105
-104
-103
-103
-103
-103
-104
-104
-103
-104
-103
-102
-103
-103
-103
-102
-101
-102
-102
-102
-103
-103
-103
-103
-103
-103
-103
-103
-102
-103
-103
-104
-104
-104
-104
-103
-103
-104
-104
-103
-102
-102
-103
-102
-103
-102
-102
-103
-103
-102
-104
-104
-104
-103
-103
-103
-103
-102
-101
-101
-101
-101
-99
-99
-102
-105
-109
-110
-109
-109
-110
-111
-111
-111
-110
-110
-109
-109
-108
-108
-108
-108
-107
-107
-106
-106
-106
-105
-105
-106
-106
-105
-105
-105
-104
-104
-105
-105
-106
-106
-105
-104
-103
-103
-103
-104
-104
-105
-106
-106
-105
-104
-105
-104
-104
-104
-104
-105
-105
-106
-107
-106
-105
-105
-105
-106
-106
-106
-106
-106
-107
-107
-107
-107
-106
-107
-108
-106
-107
-106
-107
-106
-107
-105
-105
-105
-105
-105
-104
-104
-103
-103
-104
-103
-103
-103
-104
-105
-105
-105
-105
-106
-106
-106
-106
-105
-106
-107
-107
-106
-106
-106
-106
-105
-105
-106
-106
-106
-107
-106
-105
-104
-105
-106
-105
-104
-105
-106
-106
-106
-106
-106
-107
-106
-106
-106
-105
-106
-105
-105
-106
-106
-105
-106
-106
-105
-106
-105
-105
-106
-106
-106
-106
-106
-105
-104
-105
-106
-106
-106
-107
-107
-107
-105
-104
-103
-102
-102
-102
-102
-103
-105
-106
-106
-108
-108
-108
-109
-109
-110
-109
-109
-108
-107
-106
-106
-106
-105
-104
-105
-106
-106
-106
-106
-106
-106
-106
-105
-105
-105
-105
-105
-105
-106
-106
-106
-106
-106
-106
-106
-106
-106
-106
-105
-105
-105
-106
