-11253
-106
-107
-107
-102
-98
-106
-112
-112
-110
-106
-103
-104
-105
-110
-112
-110
-109
-108
-106
-106
-103
-100
-95
-99
-104
-107
-106
-103
-100
-98
-106
-113
-112
-109
-109
-111
-111
-111
-109
-107
-105
-103
-100
-99
-101
-105
-107
-107
-107
-108
-110
-106
-98
-98
-104
-108
-110
-109
-109
-110
-112
-111
-108
-105
-103
-104
-105
-104
-104
-103
-103
-106
-108
-108
-107
-105
-105
-108
-109
-109
-107
-105
-105
-105
-106
-104
-102
-100
-103
-106
-108
-108
-109
-108
-108
-109
-108
-106
-103
-103
-105
-106
-108
-109
-106
-100
-103
-104
-104
-102
-102
-102
-102
-104
-107
-110
-108
-108
-107
-107
-108
-108
-108
-108
-106
-104
-102
-103
-103
-104
-101
-94
-102
-109
-111
-110
-108
-107
-105
-104
-105
-106
-106
-107
-108
-107
-106
-106
-106
-103
-102
-102
-103
-104
-106
-105
-103
-101
-96
-96
-102
-106
-109
-108
-107
-104
-101
-100
-102
-108
-110
-109
-106
-106
-109
-109
-107
-105
-104
-103
-100
-99
-101
-104
-103
-98
-98
-104
-108
-110
-114
-112
-108
-105
-105
-106
-105
-106
-108
-110
-109
-108
-108
-106
-105
-105
-105
-104
-102
-100
-101
-98
-99
-107
-106
-103
-105
-108
-111
-110
-109
-110
-111
-111
-109
-107
-105
-106
-108
-108
-107
-106
-104
-103
-103
-104
-104
-105
-103
-96
-99
-108
-111
-110
-104
-100
-100
-107
-113
-113
-111
-108
-106
-105
-104
-107
-106
-106
-106
-105
-104
-104
-104
-103
-104
-108
-109
-109
-108
-106
-106
-105
-102
-101
-98
-96
-103
-106
-109
-110
-109
-108
-108
-107
-106
-105
-105
-106
-102
-96
-96
-102
-112
-113
-104
-101
-109
-112
-112
-108
-103
-101
-102
-102
-106
-108
-109
-107
-104
-104
-105
-103
-100
-99
-99
-101
-101
-104
-106
-104
-101
-105
-105
-104
-100
-98
-100
-107
-110
-110
-104
-100
-103
-109
-112
-111
-108
-107
-106
-106
-106
-105
-105
-103
-99
-99
-100
-101
-97
-94
-92
-100
-103
-103
-105
-113
-115
-113
-110
-107
-106
-105
-105
-104
-103
-102
-103
-102
-102
-101
-102
-105
-105
-106
-107
-108
-108
-106
-105
-108
-104
-100
-99
-101
-105
-101
-103
-108
-110
-110
-109
-109
-110
-108
-107
-106
-104
-104
-103
-102
-101
-95
-98
-105
-109
-110
-110
-109
-108
-108
-107
-106
-103
-101
-102
-105
-108
-108
-107
-106
-105
-105
-104
-101
-98
-94
-97
-106
-109
-112
-112
-111
-107
-105
-104
-106
-105
-106
-104
-102
-101
-103
-106
-107
-106
-105
-106
-104
-101
-100
-102
-107
-110
-109
-107
-106
-105
-105
-104
-105
-105
-105
-106
-105
-104
-104
-103
-102
-103
-101
-99
-96
-99
-106
-108
-108
-105
-99
-102
-106
-109
-110
-109
-106
-103
-104
-103
-100
-101
-103
-100
-105
-114
-117
-116
-113
-112
-110
-108
-107
-104
-98
-97
-99
-101
-102
-97
-98
-111
-115
-116
-113
-108
-105
-104
-105
-104
-103
-102
-103
-102
-100
-99
-103
-107
-109
-108
-104
-105
-105
-103
-102
-101
-99
-105
-110
-112
-112
-110
-109
-109
-109
-107
-106
-108
-108
-108
-107
-106
-106
-106
-104
-103
-104
-105
-108
-105
-103
-101
-102
-104
-106
-105
-99
-97
-95
-92
-103
-113
-117
-118
-117
-113
-111
-111
-110
-107
-107
-108
-108
-107
-107
-106
-105
-103
-102
-104
-106
-106
-107
-106
-102
-97
-92
-93
-106
-118
-121
-119
-116
-114
-114
-111
-109
-108
-108
-108
-106
-104
-102
-102
-107
-107
-108
-110
-109
-108
-107
-105
-104
-103
-104
-103
-101
-99
-98
-100
-107
-110
-114
-114
-110
-107
-108
-110
-111
-111
-111
-110
-109
-108
-107
-106
-106
-106
-106
-106
-106
-107
-108
-108
-109
-109
-108
-105
-106
-107
-107
-106
-106
-106
-107
-107
-106
-105
-105
-106
-105
-104
-105
-105
-105
-105
-105
-105
-106
-105
-105
-106
-107
-106
-106
-106
-105
-106
-105
-105
-104
-105
-105
-105
-105
-103
-97
-92
-92
-104
-109
-109
-109
-118
-119
-119
-116
-114
-111
-109
-108
-107
-106
-105
-105
-107
-104
-104
-104
-103
-100
-96
-100
-108
-113
-113
-110
-109
-106
-101
-99
-104
-108
-110
-109
-106
-99
-97
-102
-106
-113
-116
-116
-114
-109
-106
-106
-110
-113
-111
-108
-104
-106
-103
-100
-105
-110
-110
-107
-107
-112
-114
-113
-111
-107
-102
-101
-103
-106
-105
-104
-104
-104
-94
-94
-99
-109
-116
-118
-114
-110
-108
-109
-109
-106
-105
-104
-104
-97
-86
-86
-105
-126
-133
-129
-119
-110
-107
-105
-106
-106
-106
-105
-106
-105
-103
-99
-99
-110
-118
-116
-112
-113
-116
-114
-101
-85
-78
-89
-111
-122
-122
-115
-108
-108
-120
-128
-126
-121
-119
-108
-88
-75
-72
-79
-93
-108
-117
-126
-125
-117
-115
-113
-104
-94
-87
-89
-89
-89
-93
-104
-120
-125
-110
-108
-118
-111
-101
-106
-104
-91
-88
-89
-105
-119
-112
-105
-109
-111
-113
-108
-85
-70
-78
-110
-125
-126
-114
-98
-87
-96
-113
-131
-135
-126
-110
-108
-120
-129
-119
-95
-79
-72
-84
-87
-99
-113
-111
-112
-119
-119
-115
-108
-104
-109
-123
-141
-133
-106
-87
-76
-87
-104
-112
-122
-124
-119
-109
-113
-110
-100
-92
-80
-92
-93
-87
-98
-112
-118
-117
-115
-107
-102
-85
-77
-85
-109
-121
-115
-108
-101
-95
-115
-153
-158
-128
-94
-72
-68
-77
-90
-95
-90
-91
-101
-123
-126
-121
-112
-89
-70
-63
-78
-105
-134
-149
-152
-148
-134
-113
-103
-96
-94
-74
-53
-56
-91
-137
-154
-140
-131
-125
-122
-96
-52
-37
-48
-61
-84
-119
-146
-143
-118
-113
-127
-155
-135
-90
-83
-98
-122
-126
-112
-116
-136
-122
-92
-95
-114
-107
-74
-59
-92
-107
-83
-63
-94
-144
-158
-147
-135
-129
-107
-87
-88
-91
-96
-87
-80
-95
-117
-120
-101
-102
-138
-145
-116
-92
-95
-101
-102
-95
-75
-72
-88
-102
-105
-112
-114
-129
-155
-130
-101
-86
-85
-76
-80
-94
-97
-85
-101
-127
-126
-98
-101
-109
-113
-94
-88
-103
-104
-122
-130
-121
-110
-107
-112
-112
-116
-114
-100
-92
-84
-88
-102
-126
-124
-95
-88
-101
-106
-122
-108
-99
-102
-96
-99
-101
-84
-81
-105
-138
-155
-143
-107
-83
-87
-82
-81
-102
-125
-114
-96
-100
-110
-122
-109
-89
-91
-119
-138
-112
-85
-86
-96
-106
-106
-97
-101
-89
-85
-85
-119
-134
-134
-122
-112
-96
-82
-81
-85
-89
-105
-116
-99
-67
-76
-125
-161
-170
-156
-79
-23
-49
-116
-151
-129
-96
-87
-88
-84
-99
-111
-106
-81
-74
-102
-144
-151
-138
-134
-136
-113
-73
-38
-37
-85
-123
-138
-128
-107
-95
-96
-93
-86
-102
-118
-113
-115
-130
-131
-121
-99
-79
-59
-72
-107
-124
-119
-119
-107
-74
-63
-81
-123
-135
-131
-143
-141
-105
-82
-84
-100
-91
-68
-73
-103
-127
-142
-139
-125
-85
-65
-80
-113
-133
-130
-113
-91
-71
-78
-91
-106
-123
-131
-132
-120
-112
-97
-87
-77
-77
-86
-113
-125
-107
-104
-107
-82
-78
-107
-119
-96
-80
-100
-133
-140
-116
-104
-98
-81
-54
-53
-109
-146
-145
-145
-114
-49
-35
-76
-131
-148
-128
-117
-103
-84
-85
-117
-145
-140
-110
-86
-72
-72
-65
-75
-107
-109
-98
-111
-137
-132
-130
-105
-87
-81
-64
-54
-70
-94
-118
-134
-130
-117
-104
-87
-65
-58
-78
-100
-106
-111
-113
-126
-142
-151
-139
-107
-73
-44
-36
-42
-80
-116
-118
-116
-123
-128
-114
-112
-120
-113
-101
-89
-74
-73
-86
-114
-103
-81
-75
-94
-102
-100
-111
-136
-137
-109
-95
-74
-77
-107
-125
-114
-68
-28
-24
-88
-146
-152
-134
-117
-108
-107
-108
-124
-120
-111
-99
-110
-104
-83
-79
-81
-79
-69
-63
-88
-131
-150
-152
-136
-107
-79
-70
-83
-88
-78
-67
-92
-125
-140
-134
-115
-112
-124
-125
-100
-91
-96
-107
-109
-91
-82
-80
-81
-98
-112
-81
-69
-81
-100
-110
-120
-121
-118
-86
-67
-56
-51
-60
-119
-161
-147
-136
-126
-108
-110
-106
-84
-91
-107
-95
-76
-75
-104
-109
-103
-104
-102
-91
-107
-113
-96
-109
-116
-121
-113
-116
-109
-88
-81
-80
-96
-129
-129
-104
-92
-87
-82
-95
-128
-149
-128
-88
-52
-57
-110
-135
-135
-120
-117
-112
-106
-119
-127
-124
-108
-77
-80
-103
-122
-98
-89
-74
-52
-68
-81
-84
-118
-170
-175
-143
-113
-108
-110
-123
-132
-119
-91
-91
-104
-67
-38
-76
-132
-129
-109
-77
-78
-86
-79
-114
-146
-151
-144
-147
-156
-151
-122
-71
-49
-64
-84
-93
-125
-128
-111
-90
-84
-116
-144
-138
-112
-75
-53
-101
-163
-181
-154
-115
-90
-64
-36
-45
-91
-108
-121
-142
-163
-142
-121
-124
-130
-84
-54
-71
-104
-123
-117
-101
-81
-105
-121
-108
-111
-119
-102
-61
-65
-119
-153
-138
-119
-117
-104
-75
-94
-115
-73
-25
-42
-128
-204
-184
-124
-92
-111
-114
-120
-124
-91
-34
-35
-103
-169
-145
-134
-151
-129
-81
-86
-135
-159
-138
-128
-149
-137
-48
38
11
-57
-55
-33
-91
-169
-178
-102
-49
-31
-66
-166
-220
-241
-184
-95
-81
-116
-140
-128
-64
-23
5
19
-30
-141
-211
-237
-248
-235
-162
-89
-45
11
79
63
-10
-125
-169
-132
-81
-72
-154
-203
-208
-217
-210
-104
-9
-21
-112
-187
-140
-31
27
23
-44
-122
-154
-181
-161
-181
-222
-198
-141
-101
-99
-118
-48
-8
-10
-32
-111
-131
-109
-158
-216
-238
-197
-117
-75
-36
-14
-8
-58
-102
-149
-187
-180
-142
-41
-24
-73
-127
-138
-136
-141
-143
-152
-200
-119
-3
50
-12
-89
-169
-163
-123
-143
-190
-211
-179
-86
-14
-14
-76
-156
-137
-81
-16
6
36
-7
-106
-197
-232
-246
-248
-195
-130
-94
-59
11
111
134
10
-149
-210
-64
73
19
-143
-211
-237
-248
-252
-217
-109
35
141
120
-16
-95
-72
-79
-147
-212
-237
-196
-63
-47
-130
-204
-174
-86
7
-33
-127
-88
10
-4
-118
-201
-182
-14
6
-106
-198
-232
-232
-123
-80
-160
-219
-189
-44
117
189
124
-42
-166
-219
-241
-243
-163
-96
-62
-71
-157
-210
-221
-123
-13
47
113
116
-17
-154
-215
-230
-181
-169
-156
-136
-88
-97
-140
-189
-198
-199
-147
-53
-16
-14
-55
-15
-28
-100
-69
-57
-110
-199
-214
-162
-150
-169
-152
-95
-95
-136
-133
-21
143
199
15
-149
-212
-212
-75
-75
-176
-206
-193
-190
-176
-109
-133
-139
-4
111
52
-51
-96
-41
-29
-28
-142
-211
-237
-248
-244
-225
-199
-141
-74
-28
15
96
107
126
94
2
-133
-207
-235
-247
-252
-254
-239
-184
-134
-97
-34
75
168
220
150
-79
-185
-227
-241
-188
-153
-102
-70
-80
-114
-180
-170
-131
-99
-40
104
131
21
-144
-118
-39
-80
-185
-227
-244
-221
-129
-44
-83
-125
-54
106
194
88
-113
-199
-226
-44
101
2
-151
-212
-237
-247
-251
-178
-86
-86
-121
-134
-49
77
104
45
-53
-153
-215
-239
-248
-251
-177
-69
-12
-38
-53
-26
10
15
-32
-142
-211
-175
-101
-169
-222
-229
-128
-53
-89
-152
-120
-19
109
194
117
-85
-188
-228
-193
-127
-182
-225
-203
-206
-202
-165
-84
36
165
200
72
10
-35
-150
-213
-238
-247
-200
-166
-127
-128
-123
-104
-14
59
101
20
-136
-208
-195
-136
-162
-74
2
-38
-167
-219
-228
-222
-201
-118
6
126
113
13
-73
-97
-114
-194
-231
-245
-200
-139
-122
-130
-135
-116
-52
39
122
135
56
-99
-194
-230
-149
-51
-81
-152
-215
-219
-230
-212
-165
-120
-84
-44
10
108
164
103
-16
-76
-154
-215
-239
-216
-181
-171
-128
-111
-138
-163
-147
-113
-49
36
106
66
30
-61
-138
-169
-218
-240
-245
-133
-91
-127
-148
-151
-124
-60
-23
-23
42
39
6
-64
-135
-207
-209
-141
-100
-93
-140
-187
-201
-166
-144
-135
-94
-13
57
166
212
6
-152
-214
-206
-190
-170
-177
-184
-179
-156
-102
-70
-109
-127
-94
54
176
68
-124
-203
-190
-112
-71
-73
-162
-219
-218
-165
-156
-133
-108
-99
-109
-81
45
140
80
1
-55
-117
-200
-227
-244
-224
-186
-158
-142
-122
-113
-116
-102
-58
-9
23
0
-45
-49
-40
-99
-149
-178
-203
-210
-167
-133
-125
-137
-131
-96
-66
-33
-21
-54
-90
-99
-88
-33
23
-84
-190
-221
-142
-79
-62
-127
-180
-177
-166
-140
-107
-71
-58
-32
58
44
-115
-201
-202
-164
-117
-84
-111
-142
-130
-113
-71
-59
-59
-74
-94
-140
-146
-144
-140
-68
-23
-71
-128
-124
-89
-64
-92
-93
-128
-170
-160
-89
-83
-134
-162
-164
-139
-96
-72
-81
-89
-55
0
10
-62
-142
-127
-122
-113
-121
-140
-156
-172
-167
-152
-134
-118
-107
-86
-73
-37
-10
0
-70
-162
-153
-147
-152
-101
-105
-165
-158
-137
-109
-107
-114
-98
-71
-51
-39
-64
-100
-118
-112
-82
-66
-112
-157
-177
-164
-132
-103
-103
-111
-116
-116
-124
-141
-122
-46
11
-23
-69
-80
-110
-157
-197
-184
-118
-71
-111
-146
-137
-85
-61
-139
-170
-143
-107
-72
-56
-52
-55
-57
-84
-102
-151
-169
-120
-123
-116
-145
-166
-155
-130
-95
-75
-69
-101
-126
-110
-46
-38
-107
-164
-155
-94
-41
-37
-89
-150
-159
-151
-148
-151
-147
-123
-123
-127
-109
-85
-61
-86
-129
-121
-39
10
-44
-106
-151
-175
-149
-151
-174
-149
-122
-69
-40
-89
-136
-135
-105
-48
-9
-89
-149
-152
-164
-163
-134
-103
-127
-129
-81
-34
-56
-123
-162
-133
-88
-49
-56
-97
-114
-125
-133
-163
-158
-124
-123
-144
-144
-107
-85
-86
-101
-98
-90
-89
-56
4
-72
-169
-165
-132
-123
-135
-121
-121
-105
-71
-49
-92
-145
-160
-135
-76
-51
-22
-41
-134
-174
-136
-97
-87
-120
-139
-141
-151
-130
-93
-102
-109
-96
-93
-109
-109
-102
-59
-45
-96
-140
-139
-123
-119
-130
-130
-141
-110
-101
-100
-89
-92
-116
-120
-46
-16
-66
-145
-144
-105
-87
-132
-183
-172
-135
-88
-82
-157
-170
-142
-105
-84
-73
-33
-25
-26
-97
-133
-138
-117
-91
-116
-147
-145
-141
-141
-139
-134
-124
-111
-85
-57
-87
-122
-87
-64
-86
-104
-123
-147
-142
-141
-121
-105
-101
-111
-115
-101
-111
-91
-23
12
-34
-110
-137
-158
-121
-136
-163
-139
-162
-164
-143
-131
-111
-97
-94
-93
-95
-35
13
-56
-119
-160
-164
-124
-87
-122
-134
-124
-148
-139
-122
-122
-123
-131
-121
-100
-84
-55
-14
-64
-84
-100
-79
-99
-144
-170
-143
-120
-116
-125
-136
-131
-132
-136
-128
-110
-94
-61
-33
-64
-146
-137
-95
-66
-59
-68
-84
-130
-138
-123
-147
-156
-140
-115
-95
-129
-138
-114
-103
-80
-62
-58
-51
-67
-83
-127
-177
-162
-95
-60
-75
-126
-140
-143
-137
-90
-66
-112
-107
-83
-96
-108
-104
-95
-93
-125
-160
-148
-124
-117
-112
-117
-102
-91
-108
-123
-107
-84
-50
-34
-101
-139
-120
-125
-102
-113
-141
-143
-111
-80
-100
-119
-122
-125
-112
-95
-59
-47
-52
-78
-116
-119
-122
-148
-162
-155
-124
-76
-80
-116
-131
-125
-94
-94
-120
-117
-79
-66
-98
-87
-73
-83
-111
-121
-110
-117
-89
-68
-119
-149
-155
-147
-123
-104
-113
-123
-97
-42
-45
-98
-116
-100
-87
-78
-94
-126
-149
-158
-148
-98
-64
-102
-129
-129
-118
-76
-28
-80
-155
-157
-136
-97
-29
-5
-81
-123
-154
-152
-141
-123
-105
-104
-109
-122
-108
-118
-103
-81
-96
-71
-49
-102
-128
-116
-111
-124
-139
-119
-99
-86
-90
-99
-101
-122
-116
-87
-83
-108
-89
-110
-135
-139
-136
-97
-68
-56
-95
-136
-132
-126
-112
-112
-122
-119
-96
-67
-76
-77
-60
-67
-94
-132
-141
-150
-146
-128
-120
-109
-101
-87
-81
-79
-78
-100
-89
-56
-53
-95
-139
-145
-135
-136
-125
-109
-105
-124
-133
-98
-58
-72
-75
-112
-125
-86
-103
-113
-122
-74
-66
-94
-100
-111
-125
-123
-112
-105
-111
-99
-98
-126
-116
-116
-116
-92
-88
-100
-95
-72
-67
-82
-120
-129
-129
-120
-71
-64
-109
-131
-122
-122
-120
-127
-110
-89
-72
-92
-115
-106
-96
-79
-87
-96
-104
-120
-100
-74
-97
-123
-132
-98
-105
-117
-124
-122
-108
-103
-100
-82
-100
-120
-101
-73
-59
-71
-117
-124
-115
-129
-124
-109
-101
-107
-131
-126
-123
-113
-107
-98
-80
-94
-98
-63
-17
-31
-92
-125
-129
-100
-116
-140
-153
-156
-144
-83
-75
-135
-152
-116
-74
-84
-102
-98
-81
-80
-90
-80
-78
-93
-150
-152
-120
-70
-57
-76
-130
-159
-150
-127
-102
-71
-43
-88
-158
-128
-93
-86
-53
-53
-104
-113
-124
-130
-107
-73
-106
-157
-161
-130
-92
-57
-64
-84
-114
-114
-135
-106
-82
-127
-148
-127
-94
-96
-115
-104
-86
-72
-72
-101
-104
-87
-74
-112
-113
-86
-107
-140
-159
-140
-115
-82
-63
-114
-135
-111
-55
4
-43
-133
-160
-143
-124
-75
-69
-145
-167
-134
-119
-120
-115
-84
-86
-109
-95
-66
-82
-100
-119
-81
-83
-75
-80
-175
-183
-139
-65
39
63
-44
-152
-156
-181
-179
-163
-120
-81
-64
-110
-124
-43
-11
-38
-85
-135
-188
-202
-170
-133
-121
-129
-139
-117
-114
-142
-119
-92
-96
-118
-111
-84
-42
-6
15
13
-40
-137
-208
-187
-143
-156
-181
-172
-154
-132
-110
-94
-71
-54
-62
-40
-49
-70
-86
-96
-88
-101
-122
-156
-185
-181
-159
-131
-110
-88
-73
-68
-100
-100
-81
-79
-42
-6
-78
-160
-159
-148
-102
-83
-155
-176
-157
-117
-87
-102
-98
-80
-17
15
-36
-126
-171
-135
-122
-113
-105
-115
-119
-124
-123
-116
-147
-136
-86
-36
-51
-133
-125
-21
-49
-129
-151
-136
-68
-64
-127
-133
-161
-170
-124
-69
-118
-145
-98
-80
-37
6
-17
-104
-162
-139
-123
-89
-65
-115
-126
-88
-46
-130
-202
-132
-64
-77
-129
-149
-121
-99
-90
-81
-71
-89
-109
-104
-109
-154
-156
-145
-88
-66
-66
-35
-36
-31
-55
-80
-139
-204
-198
-141
-90
-85
-81
-38
-97
-168
-161
-115
-81
-105
-80
-60
-97
-106
-118
-123
-117
-130
-108
-42
-13
-82
-139
-179
-177
-137
-84
-58
-41
-70
-93
-123
-139
-114
-146
-138
-87
-68
-24
-54
-145
-155
-154
-100
9
52
-95
-155
-154
-146
-141
-164
-142
-119
-131
-159
-99
56
9
-90
-147
-110
-39
-31
-33
-124
-178
-153
-103
-108
-133
-177
-200
-132
-86
-119
-84
13
54
5
-68
-110
-165
-213
-195
-133
-109
-153
-184
-217
-190
-134
-56
97
193
136
-48
-165
-195
-212
-238
-248
-229
-185
-154
-142
-162
-172
-148
-91
46
168
207
129
-21
-158
-174
-156
-204
-235
-247
-252
-247
-182
-116
-90
-97
-28
45
105
17
-89
-143
-145
-102
-46
-107
-177
-192
-149
-119
-108
-98
-133
-163
-149
-76
-8
-11
-110
-152
-97
-71
-80
-75
-83
-69
-81
-118
-103
-156
-216
-221
-158
-97
-35
-2
-4
-65
-112
-48
42
134
145
-56
-177
-224
-162
-94
-139
-188
-229
-245
-244
-160
-63
-21
61
137
186
75
-120
-201
-233
-192
-130
-124
-189
-230
-245
-228
-171
-107
-21
-16
-45
-57
-44
-10
-2
-66
-102
-151
-159
-151
-171
-205
-178
-134
-122
-93
-6
58
-2
-141
-211
-227
-141
-46
-25
-24
-40
-117
-192
-165
-102
-78
-134
-180
-126
-13
56
12
-108
-172
-99
-68
-129
-182
-188
-193
-209
-187
-148
-73
-7
59
94
-2
-93
-119
-89
-96
-162
-218
-221
-178
-193
-184
-144
-131
-131
-73
57
135
92
-48
-171
-221
-214
-155
-67
-20
-48
-121
-201
-234
-241
-179
-104
-58
-36
-38
27
23
42
-7
-147
-212
-238
-227
-148
-63
-43
-119
-201
-212
-89
9
9
-38
-47
-77
-107
-171
-206
-185
-105
-55
-41
-46
-95
-157
-184
-206
-180
-127
-94
-89
-122
-86
-16
38
82
-4
-123
-171
-146
-124
-160
-188
-202
-208
-185
-107
30
153
98
-95
-192
-230
-184
-104
9
24
-74
-156
-183
-177
-170
-172
-146
-105
-30
39
146
160
6
-144
-211
-237
-248
-249
-215
-178
-150
-125
-118
-116
-110
-104
-101
-96
-78
-52
-28
4
63
67
-6
-118
-201
-234
-242
-205
-167
-140
-123
-113
-109
-107
-105
-103
-100
-97
-97
-103
-103
-97
-97
-88
-70
-64
-78
-83
-110
-139
-143
-139
-132
-122
-113
-111
-109
-107
-105
-103
-102
-101
-100
-100
-99
-100
-101
-101
-101
-102
-102
-102
-103
-102
-103
-103
-102
-101
-102
-103
-103
-103
-104
-104
-104
-104
-103
-104
-104
-104
-104
-105
-105
-105
-105
-106
-106
-106
-105
-104
-104
-105
-105
-106
-106
-105
-106
-106
-107
-107
-107
-107
-106
-105
-105
-104
-105
-105
-105
-106
-106
-106
-107
-106
-105
-105
-106
-107
-106
-106
-106
-106
-106
-106
-107
-107
-108
-108
-106
-105
-106
-107
-107
-107
-107
-106
-105
-105
-103
-102
-102
-101
-102
-103
-104
-105
-105
-106
-105
-106
-106
-106
-106
-107
-106
-105
-104
-105
-106
-104
-104
-104
-103
-103
-104
-104
-103
-104
-104
-104
-103
-104
-103
-104
-104
-103
-104
-103
-103
-103
-103
-103
-104
-103
-104
-105
-104
-103
-103
-103
-104
-103
-103
-102
-103
-103
-104
-104
-104
-103
-103
-103
-104
-104
-104
-104
-105
-105
-105
-104
-105
-105
-105
-105
-104
-104
-104
-104
-104
-104
-104
-103
-103
-105
-105
-104
-104
-103
-103
-104
-105
-105
-105
-104
-104
-105
-105
-104
-104
-104
-104
-103
-103
-103
-103
-103
-104
-104
-104
-106
-105
-105
-105
-104
-104
-103
-104
-104
-104
-104
-105
-104
-104
-104
-105
-106
-105
-104
-104
-104
-104
-104
-104
-104
-104
-105
-105
-105
-104
-104
-104
-105
-106
-105
-106
-105
-105
-105
-105
-105
-105
-106
-106
-106
-105
-105
-105
-105
-104
-104
-103
-104
-104
-104
-105
-104
-104
-104
-103
-103
-102
-101
-101
-101
-101
-101
-102
-103
-104
-106
-106
-106
-107
-106
-105
-105
-104
-104
-105
-105
-105
-105
-105
-105
-105
-106
-106
-105
-105
-106
-107
-106
-105
-104
-104
-104
-104
-104
-105
-105
-104
-105
-105
-104
-103
-103
-104
-103
-104
-104
-104
-103
-103
-104
-104
-104
-104
-104
-104
-105
-105
-105
-106
-105
-105
-106
-106
-106
-106
-105
-105
-105
-106
-106
-106
-107
-106
-105
-105
-104
-104
-103
-104
-105
-105
-105
-105
-105
-105
-104
-105
-105
-105
-104
-105
-106
-106
-105
-104
-105
-106
-105
-105
-105
-105
-106
-105
-104
-104
-105
-105
-105
-105
-106
-106
-107
-107
-106
-106
-106
-107
-106
-106
-106
-106
-105
-105
-104
-105
-104
-103
-104
-105
-105
-104
-104
-105
-105
-105
-105
-106
-106
-106
-105
-106
-105
-105
-103
-103
-105
-106
-105
-105
-105
-105
-106
-105
-105
-105
-105
-104
-103
-104
-104
-105
-105
-105
-106
-107
-106
-106
-106
