21477
-107
-106
-106
-105
-105
-105
-104
-104
-104
-103
-103
-103
-103
-103
-103
-104
-103
-103
-103
-104
-105
-105
-105
-104
-105
-105
-106
-106
-106
-105
-103
-103
-104
-104
-104
-105
-106
-105
-104
-104
-105
-106
-106
-105
-106
-105
-103
-103
-103
-104
-104
-104
-105
-105
-105
-105
-106
-105
-105
-105
-106
-105
-104
-104
-104
-103
-104
-104
-104
-104
-105
-105
-105
-106
-106
-105
-105
-105
-105
-104
-102
-101
-100
-101
-101
-101
-102
-103
-104
-105
-105
-105
-104
-105
-106
-106
-106
-107
-107
-107
-107
-107
-107
-106
-106
-105
-105
-105
-104
-104
-105
-105
-104
-103
-104
-105
-105
-104
-104
-105
-106
-106
-106
-107
-107
-106
-105
-106
-105
-105
-105
-106
-106
-105
-105
-106
-106
-105
-105
-104
-105
-105
-105
-105
-105
-105
-104
-105
-106
-105
-105
-106
-106
-105
-105
-105
-106
-105
-105
-105
-106
-106
-106
-106
-107
-106
-105
-105
-105
-106
-105
-104
-106
-106
-106
-106
-106
-106
-104
-104
-104
-104
-105
-104
-104
-104
-105
-105
-105
-105
-105
-105
-105
-104
-105
-105
-104
-104
-104
-103
-103
-105
-105
-104
-104
-105
-106
-105
-105
-105
-105
-105
-104
-102
-103
-104
-104
-106
-106
-106
-105
-106
-107
-106
-106
-106
-106
-106
-106
-105
-105
-106
-106
-106
-105
-105
-106
-106
-105
-105
-105
-105
-106
-105
-105
-104
-103
-102
-103
-103
-102
-102
-102
-102
-102
-102
-103
-104
-106
-106
-106
-107
-106
-106
-107
-107
-107
-107
-106
-107
-108
-107
-106
-105
-105
-105
-105
-105
-105
-106
-106
-106
-106
-104
-104
-104
-103
-103
-103
-103
-104
-104
-104
-104
-105
-104
-104
-104
-105
-104
-103
-103
-103
-103
-103
-104
-104
-104
-104
-103
-104
-104
-104
-104
-104
-105
-105
-105
-105
-105
-105
-105
-105
-105
-105
-104
-105
-105
-104
-104
-105
-105
-107
-106
-105
-106
-106
-106
-105
-106
-106
-106
-106
-106
-105
-104
-103
-103
-105
-106
-106
-105
-105
-106
-107
-107
-106
-107
-107
-107
-107
-106
-106
-106
-106
-106
-106
-107
-106
-106
-106
-106
-106
-106
-106
-106
-105
-104
-104
-105
-105
-105
-105
-105
-104
-105
-106
-105
-104
-105
-105
-106
-106
-106
-106
-106
-106
-105
-107
-106
-106
-106
-107
-106
-105
-105
-106
-105
-104
-104
-104
-105
-105
-105
-106
-106
-106
-106
-106
-107
-106
-105
-106
-107
-107
-107
-108
-108
-107
-106
-106
-104
-103
-101
-101
-101
-102
-103
-104
-105
-106
-107
-106
-107
-108
-108
-108
-107
-107
-107
-107
-107
-107
-108
-109
-108
-108
-108
-107
-106
-107
-106
-107
-107
-106
-106
-106
-106
-106
-105
-106
-106
-105
-105
-106
-106
-106
-106
-106
-106
-105
-106
-106
-105
-105
-105
-105
-105
-105
-106
-106
-104
-102
-96
-88
-84
-87
-98
-113
-121
-121
-118
-114
-112
-109
-107
-108
-107
-107
-107
-107
-108
-107
-106
-107
-107
-107
-107
-108
-107
-107
-107
-107
-106
-106
-106
-106
-106
-106
-106
-106
-106
-106
-105
-105
-105
-106
-106
-106
-106
-106
-105
-106
-105
-105
-105
-104
-105
-106
-105
-105
-104
-104
-105
-105
-105
-105
-105
-105
-106
-106
-106
-107
-107
-106
-106
-106
-106
-106
-106
-106
-105
-106
-106
-106
-106
-106
-105
-104
-105
-105
-105
-104
-103
-104
-105
-106
-105
-105
-105
-106
-105
-105
-104
-105
-105
-106
-106
-107
-107
-106
-106
-106
-105
-106
-105
-106
-106
-105
-105
-105
-106
-106
-105
-106
-106
-106
-105
-105
-105
-104
-102
-101
-101
-102
-102
-103
-103
-104
-105
-105
-106
-107
-106
-107
-107
-107
-106
-107
-107
-107
-106
-106
-107
-107
-106
-106
-106
-106
-105
-105
-105
-105
-104
-104
-105
-105
-105
-105
-105
-105
-105
-104
-104
-105
-104
-104
-104
-106
-106
-105
-104
-104
-105
-105
-105
-105
-106
-106
-106
-106
-106
-106
-106
-106
-106
-105
-106
-108
-109
-108
-107
-105
-105
-106
-106
-106
-106
-107
-106
-104
-105
-104
-105
-105
-103
-99
-90
-79
-69
-63
-64
-85
-102
-107
-116
-128
-134
-130
-128
-127
-127
-124
-121
-118
-108
-95
-87
-94
-106
-109
-107
-101
-97
-100
-108
-112
-112
-104
-93
-100
-113
-120
-117
-113
-100
-96
-113
-124
-115
-103
-100
-101
-97
-95
-105
-124
-121
-106
-77
-61
-70
-87
-114
-138
-131
-114
-97
-80
-83
-102
-121
-123
-104
-88
-89
-100
-119
-139
-150
-162
-169
-144
-100
-70
-73
-84
-91
-104
-124
-132
-116
-86
-70
-86
-103
-115
-124
-126
-129
-144
-156
-137
-98
-69
-58
-75
-113
-140
-135
-115
-104
-102
-104
-113
-104
-86
-85
-109
-132
-134
-104
-72
-62
-84
-124
-157
-161
-133
-89
-61
-64
-102
-124
-108
-80
-71
-93
-119
-125
-122
-118
-130
-146
-132
-89
-60
-94
-117
-104
-100
-108
-98
-82
-95
-128
-139
-121
-117
-129
-131
-127
-116
-108
-106
-99
-82
-73
-99
-142
-150
-130
-116
-111
-103
-98
-100
-101
-108
-112
-90
-59
-47
-56
-88
-113
-135
-139
-128
-130
-130
-118
-104
-81
-66
-77
-84
-90
-109
-119
-118
-106
-103
-93
-72
-63
-84
-115
-115
-101
-102
-133
-149
-114
-86
-106
-144
-133
-103
-87
-71
-68
-60
-51
-54
-89
-131
-155
-166
-168
-160
-145
-132
-103
-89
-82
-66
-40
-38
-69
-88
-121
-128
-130
-121
-107
-109
-119
-117
-103
-78
-86
-112
-111
-109
-81
-53
-102
-189
-211
-145
-78
-72
-85
-85
-77
-69
-67
-101
-142
-151
-131
-116
-109
-120
-111
-103
-98
-103
-125
-146
-120
-52
-9
-22
-69
-146
-157
-107
-86
-108
-134
-138
-121
-114
-147
-184
-157
-93
-39
-47
-77
-93
-67
-61
-85
-125
-141
-154
-169
-169
-166
-124
-57
-23
-53
-120
-150
-137
-110
-91
-74
-66
-85
-78
-67
-103
-111
-125
-146
-133
-116
-139
-155
-134
-97
-74
-59
-54
-62
-76
-74
-83
-90
-123
-123
-126
-137
-98
-54
-75
-131
-159
-140
-110
-97
-112
-83
-52
-67
-100
-107
-119
-122
-106
-125
-130
-131
-112
-86
-85
-106
-127
-120
-92
-86
-93
-112
-130
-118
-102
-97
-99
-100
-79
-74
-94
-95
-105
-131
-130
-109
-110
-135
-150
-101
-46
-64
-118
-109
-68
-62
-98
-122
-145
-141
-120
-98
-97
-109
-122
-129
-117
-103
-119
-105
-78
-61
-77
-107
-107
-78
-49
-50
-94
-153
-183
-172
-135
-108
-106
-94
-64
-54
-60
-62
-71
-85
-123
-181
-224
-184
-109
-87
-105
-123
-127
-116
-75
-49
-51
-75
-103
-123
-115
-114
-131
-137
-115
-78
-42
-62
-83
-58
-81
-92
-97
-132
-173
-163
-118
-82
-52
-52
-82
-142
-158
-158
-137
-108
-71
-52
-66
-115
-165
-177
-156
-125
-80
-58
-61
-78
-102
-123
-120
-117
-128
-136
-103
-57
-41
-73
-111
-135
-157
-144
-111
-97
-112
-114
-96
-61
-45
-74
-127
-151
-126
-81
-98
-140
-161
-130
-112
-117
-76
-27
-52
-112
-130
-103
-89
-92
-107
-145
-157
-121
-82
-62
-98
-141
-151
-124
-75
-60
-70
-78
-109
-140
-153
-141
-114
-110
-154
-191
-136
-65
-68
-101
-102
-89
-90
-102
-93
-106
-118
-111
-87
-61
-74
-87
-119
-145
-116
-60
-46
-68
-85
-121
-137
-148
-144
-109
-74
-78
-130
-173
-169
-126
-96
-63
-30
-46
-87
-91
-82
-114
-149
-147
-120
-127
-132
-98
-65
-67
-78
-103
-119
-114
-108
-106
-102
-87
-78
-106
-131
-144
-153
-164
-124
-46
-14
-37
-50
-72
-81
-76
-95
-149
-180
-172
-164
-164
-150
-115
-94
-86
-109
-115
-75
-54
-93
-137
-100
-18
-25
-126
-193
-186
-149
-116
-84
-82
-122
-148
-126
-84
-72
-50
-39
-67
-95
-107
-134
-169
-183
-140
-76
-55
-89
-132
-151
-136
-99
-67
-59
-94
-92
-69
-72
-116
-132
-118
-114
-125
-132
-108
-129
-171
-180
-118
-35
38
30
-58
-141
-148
-139
-157
-170
-157
-127
-111
-138
-106
-62
-63
-104
-144
-108
-70
-55
-58
-54
-84
-145
-171
-135
-89
-70
-110
-168
-166
-112
-41
-19
-60
-98
-122
-133
-157
-153
-140
-149
-126
-89
-81
-100
-93
-79
-96
-103
-82
-79
-98
-129
-122
-93
-74
-104
-139
-137
-121
-100
-95
-108
-110
-118
-81
-61
-115
-152
-106
-54
-56
-77
-123
-156
-150
-113
-98
-125
-104
-44
-52
-107
-133
-152
-147
-124
-110
-94
-95
-91
-94
-121
-121
-92
-95
-115
-148
-160
-135
-99
-87
-89
-98
-99
-89
-72
-65
-51
-56
-88
-94
-94
-136
-151
-117
-89
-116
-144
-117
-80
-73
-103
-118
-121
-133
-111
-71
-70
-93
-124
-119
-117
-125
-105
-75
-73
-111
-153
-106
-11
4
-67
-143
-188
-194
-170
-150
-122
-101
-98
-102
-90
-108
-132
-130
-100
-54
-30
-61
-129
-202
-211
-149
-86
-74
-95
-102
-97
-107
-102
-80
-100
-135
-158
-130
-46
8
-20
-94
-147
-152
-124
-107
-110
-129
-115
-82
-68
-96
-137
-132
-60
-14
-34
-98
-145
-164
-153
-112
-114
-135
-155
-156
-141
-88
-38
-48
-95
-123
-113
-24
50
19
-59
-168
-221
-212
-185
-131
-92
-80
-92
-113
-104
-25
16
-29
-75
-118
-158
-156
-135
-152
-181
-197
-176
-150
-111
-46
-2
-21
-34
14
0
-124
-205
-195
-154
-126
-104
-87
-79
-83
-83
-76
-82
-154
-199
-166
-94
-56
-35
-48
-112
-125
-96
-82
-103
-80
-50
-23
-59
-161
-218
-240
-236
-191
-160
-123
-90
-31
56
64
27
-78
-171
-150
-106
-46
-29
-122
-204
-212
-216
-193
-138
-67
-53
-58
-47
-74
-125
-126
-151
-141
-105
-42
-20
-72
-138
-169
-161
-136
-34
-31
-89
-110
-140
-206
-234
-231
-97
78
161
85
-98
-193
-230
-239
-194
-141
-107
-38
44
104
25
-93
-191
-229
-244
-141
-104
-114
-76
31
58
9
-110
-199
-233
-234
-16
86
105
69
10
-76
-181
-225
-238
-114
66
129
-61
-179
-225
-232
-158
-114
-51
38
30
-81
-150
-153
-144
-189
-229
-218
-77
29
-53
-178
-225
-213
8
159
192
103
-74
-183
-226
-243
-143
-35
10
75
76
-104
-153
-172
-219
-202
-158
-86
-103
-149
-87
-20
-60
-94
-161
-199
-205
-228
-213
-99
56
156
136
-39
-170
-221
-234
-102
-86
-184
-223
-186
-115
-7
14
-28
-74
-136
-123
44
27
-60
-49
-139
-210
-210
-230
-242
-194
-206
-207
-163
47
148
101
129
60
-75
-159
-216
-239
-206
-104
-118
-185
-228
-245
-189
-23
36
6
-93
-174
-171
-39
116
196
23
-147
-208
-184
-115
-83
-64
-14
-82
-189
-229
-244
-251
-253
-230
-131
38
170
221
215
49
-119
-201
-233
-246
-252
-252
-234
-157
-29
107
134
104
-84
-188
-228
-242
-42
139
209
96
-95
-191
-229
-245
-179
-91
-93
-141
-165
-167
-201
-131
33
132
197
218
117
138
54
-124
-203
-234
-246
-252
-211
-71
79
173
29
-78
-120
-97
-5
-18
-156
-188
-62
76
92
3
-123
-203
-202
-215
-239
-245
-162
-154
-96
-18
20
130
91
23
-116
-198
-210
-109
-123
-205
-236
-218
-98
20
61
3
-90
-137
-145
-136
-31
45
-15
-155
-215
-239
-244
-129
34
152
35
-126
-201
-193
-10
129
63
-125
-204
-234
-246
-76
118
103
-42
-124
-159
-207
-176
8
21
-65
-174
-221
-145
-77
-40
-74
-123
-124
-64
18
12
-82
-189
-229
-232
-126
-72
-23
-18
-108
-131
-82
-63
-30
-1
-51
-108
-121
-46
-4
7
-119
-203
-234
-247
-252
-254
-231
-168
-107
64
180
225
125
18
-92
-190
-229
-244
-251
-245
-198
-151
-57
-13
133
207
235
241
25
-144
-210
-237
-248
-252
-254
-223
-128
-58
30
90
56
-48
-56
-32
-150
-213
-160
-89
-54
-59
-17
-85
-177
-209
-121
-39
-78
-130
-145
-205
-229
-210
-141
-20
15
95
173
103
-84
-119
-47
-75
-149
-205
-235
-247
-252
-254
-212
-126
-111
-99
15
160
185
6
-119
-143
-72
35
45
-97
-193
-231
-245
-251
-197
-79
-56
-138
-149
-76
-26
21
85
27
-63
-139
-82
76
162
27
-144
-211
-237
-248
-238
-199
-137
-93
-60
-37
-70
-55
107
196
63
-124
-183
-145
-36
-64
-165
-219
-241
-247
-205
-147
-101
-78
-63
14
87
54
-33
23
94
5
-148
-212
-238
-248
-201
-125
-118
-194
-209
-129
-60
1
94
176
67
-96
-162
-115
-37
-35
-124
-204
-235
-223
-135
-116
-134
-123
-91
-69
-42
-53
-94
-81
82
131
-67
-182
-226
-141
-15
-62
-161
-188
-192
-227
-243
-177
-41
124
181
60
-33
-21
-105
-194
-230
-198
-136
-99
-108
-91
-114
-183
-216
-164
-59
99
160
-46
-173
-221
-140
-7
5
-140
-210
-208
-160
-116
-73
-32
-57
-138
-140
-64
-32
-59
-103
-77
-55
-103
-181
-193
-186
-178
-134
-73
-40
-66
-145
-159
-71
23
10
-87
-185
-227
-174
-48
-38
-124
-197
-210
-186
-136
-90
-67
-45
-39
-63
-139
-163
-41
-3
-76
-139
-158
-164
-139
-112
-111
-114
-73
-68
-119
-151
-120
-83
-154
-201
-106
19
18
-39
-95
-188
-221
-192
-155
-142
-142
-149
-112
-64
-35
-72
-144
-91
4
-14
-130
-153
-114
-154
-209
-208
-154
-113
-152
-128
-122
-157
-163
-166
-88
7
46
-29
-143
-170
-124
-104
-126
-124
-148
-174
-217
-205
-125
-114
-141
-152
-99
-59
-94
-147
-142
-92
-53
-97
-140
-123
-116
-103
-117
-138
-143
-84
-62
-117
-181
-217
-185
-137
-127
-108
-62
-48
-17
-6
-93
-162
-132
-32
-9
-107
-199
-232
-232
-200
-171
-122
-91
-104
-110
-51
28
18
-18
-79
-79
-114
-142
-192
-230
-245
-201
-126
-98
-109
-91
-28
16
12
-37
-118
-152
-154
-208
-194
-131
-105
-134
-137
-128
-117
-80
-10
84
87
-41
-151
-201
-200
-173
-153
-159
-159
-148
-175
-159
-110
-87
-52
-6
-51
-140
-153
-128
-46
-11
-79
-171
-158
-132
-111
-82
-85
-125
-131
-94
-83
-123
-199
-184
-103
-78
-59
-20
-30
-81
-122
-169
-157
-110
-89
-96
-108
-96
-101
-130
-114
-95
-116
-121
-90
-108
-78
0
-60
-132
-149
-134
-118
-68
-78
-156
-200
-169
-131
-122
-136
-97
2
-9
-85
-114
-148
-94
-55
-57
-40
-28
-82
-157
-164
-161
-106
-111
-145
-106
-9
10
-44
-130
-185
-151
-78
-9
-37
-130
-191
-169
-163
-132
-87
-160
-168
-97
-72
-73
-105
-148
-140
-155
-149
-95
-79
-54
-32
-55
-110
-93
-68
-71
-88
-92
-154
-141
-86
-124
-162
-179
-158
-119
-116
-117
-101
-98
-78
-68
-51
-79
-131
-99
-44
-31
-56
-114
-117
-85
-138
-205
-216
-163
-140
-101
-51
-103
-120
-99
-66
-67
-65
-62
-113
-96
-21
-10
-90
-146
-152
-171
-200
-181
-128
-102
-107
-103
-95
-74
-47
-72
-60
-74
-146
-133
-69
-89
-118
-112
-104
-103
-119
-127
-120
-123
-72
-70
-152
-151
-87
-37
-36
-95
-136
-112
-119
-141
-130
-124
-95
0
21
-98
-176
-160
-113
-23
21
-58
-135
-163
-138
-75
-133
-182
-165
-118
-73
-91
-127
-132
-98
-73
-28
-2
29
-30
-165
-208
-160
-148
-148
-88
-28
-85
-167
-164
-131
-111
-70
-39
-56
-66
-55
-92
-87
-84
-55
-150
-215
-182
-128
-97
-77
-52
-53
-64
-71
-91
-91
-105
-114
-106
-61
-62
-90
-131
-152
-142
-118
-101
-104
-105
-88
-86
-76
-28
18
1
-7
-96
-194
-150
-131
-189
-163
-122
-84
-89
-126
-116
-126
-105
-78
-74
-90
-127
-140
-159
-89
-33
-53
-96
-88
-96
-115
-72
-8
-58
-142
-149
-142
-114
-85
-66
-123
-164
-150
-112
-86
-51
-21
-58
-80
-89
-69
-44
-89
-161
-187
-149
-116
-122
-95
-91
-115
-105
-126
-166
-148
-71
-39
-57
-84
-83
-83
-63
-59
-65
-64
-68
-113
-186
-219
-158
-90
-94
-110
-83
-63
-61
-76
-46
-87
-167
-168
-127
-108
-109
-103
-67
-52
-112
-165
-143
-64
-35
-64
-104
-7
0
-111
-172
-190
-146
-99
-106
-133
-150
-151
-124
-62
-6
-48
-74
-45
-33
-118
-147
-150
-175
-161
-141
-117
-93
-84
-100
-116
-144
-128
-117
-131
-71
-25
2
-26
-118
-169
-155
-115
-51
-99
-184
-170
-101
-78
-72
-72
-67
-72
-81
-113
-142
-178
-183
-136
-90
-67
-64
-64
-78
-80
-103
-83
-61
-101
-131
-116
-111
-86
-75
-82
-105
-152
-147
-120
-111
-117
-134
-127
-99
-85
-101
-67
-53
-143
-162
-139
-74
-44
-95
-124
-118
-82
-62
-92
-146
-147
-101
-42
-26
-56
-98
-89
-31
-37
-101
-134
-156
-103
-62
-141
-200
-195
-96
-27
-106
-166
-164
-142
-113
-60
-120
-163
-137
-111
-82
-86
-101
-91
-66
-74
-114
-141
-144
-85
-9
-57
-176
-203
-161
-127
-108
-76
-62
-115
-119
-119
-97
-99
-132
-121
-94
-46
-25
-89
-123
-111
-86
-139
-162
-147
-147
-157
-153
-136
-88
-65
-70
-35
-13
-69
-96
-11
-13
-106
-178
-165
-140
-138
-169
-184
-155
-131
-126
-132
-97
-107
-116
-68
-14
50
46
-56
-160
-191
-214
-221
-162
-114
-75
-92
-154
-172
-106
-62
-68
-35
-35
-154
-206
-167
-78
8
0
-112
-181
-168
-126
-85
-73
-115
-146
-148
-153
-148
-85
37
-1
-96
-129
-111
-86
-63
-84
-153
-199
-188
-154
-131
-116
-94
-82
-55
-54
-116
-95
-94
-158
-140
-100
-93
-88
-83
-106
-129
-139
-133
-125
-117
-127
-123
-94
-85
-51
-114
-125
-88
-52
-77
-154
-159
-128
-123
-117
-107
-94
-53
-41
-93
-151
-160
-155
-151
-127
-91
-66
-68
-101
-104
-78
-69
-100
-129
-146
-128
-117
-110
-67
-62
-75
-127
-158
-141
-114
-83
-84
-116
-110
-81
-48
-49
-98
-137
-119
-123
-119
-106
-118
-128
-110
-122
-142
-150
-140
-103
-62
-8
-45
-113
-130
-109
-92
-80
-87
-95
-72
-79
-116
-127
-124
-102
-37
-76
-108
-103
-130
-99
-116
-167
-169
-135
-42
5
-31
-97
-114
-50
-100
-196
-215
-187
-149
-140
-127
-124
-127
-119
-101
-81
56
41
-43
-120
-169
-188
-153
-108
-132
-151
-144
-130
-84
-77
-132
-154
-123
-96
-79
-79
-76
-41
-17
-22
-19
-50
-130
-196
-163
-110
-177
-223
-199
-149
-110
-61
-83
-59
16
104
61
-52
-171
-213
-197
-186
-168
-194
-173
-126
-130
-124
-154
-204
-199
-88
58
107
78
8
-64
-40
-2
-141
-210
-237
-246
-225
-205
-212
-215
-213
-99
1
19
10
-20
-34
-155
-199
-145
-73
-20
-4
-5
-44
-81
-80
-53
-46
-111
-163
-154
-141
-167
-198
-186
-170
-150
-139
-137
-119
-130
-157
-115
-14
22
-41
-138
-133
-66
-60
-90
-112
-135
-203
-230
-207
-179
-160
-152
-140
-127
-101
-36
17
46
61
29
-82
-141
-210
-226
-176
-148
-111
-113
-152
-174
-167
-170
-180
-137
-22
86
140
197
177
67
-111
-197
-232
-246
-249
-225
-186
-157
-151
-166
-111
-90
-87
16
136
201
154
41
-88
-164
-206
-235
-247
-252
-254
-249
-232
-186
-125
-58
18
54
57
20
-21
-55
-141
-210
-237
-188
-142
-152
-146
-133
-152
-212
-232
-226
-127
-64
-101
5
95
82
29
-34
-139
-209
-208
-189
-154
-99
-94
-93
-30
-89
-190
-173
-127
-75
-27
-33
-61
-99
-144
-135
-92
-84
-95
-84
-34
-50
-41
-40
-78
-80
-109
-167
-181
-140
-132
-144
-121
-130
-165
-158
-176
-176
-49
63
67
34
21
26
-12
-130
-206
-235
-205
-161
-196
-218
-192
-177
-151
-110
-48
4
47
76
14
-67
-70
-76
-78
-131
-151
-153
-190
-207
-219
-236
-242
-204
-158
-36
87
106
55
-27
-72
-74
-106
-107
-107
-154
-207
-235
-228
-193
-114
-17
-25
-99
-127
-160
-136
-48
33
-12
-84
-101
-81
-118
-180
-121
59
143
2
-149
-213
-238
-246
-212
-161
-64
26
51
-23
-89
-41
-34
-105
-181
-200
-138
-52
-38
-30
-1
118
201
184
-27
-151
-199
-204
-200
-234
-246
-252
-254
-255
-248
-75
58
117
50
-32
-54
-53
-118
-200
-233
-204
-117
-21
-57
-136
-135
-49
11
28
1
-46
-105
-163
-219
-239
-218
-175
-117
-119
-141
-105
-85
-58
-42
-44
-9
-6
-74
-162
-218
-237
-207
-177
-105
-65
-90
-92
-44
24
19
-87
-185
-227
-244
-162
-47
-2
42
4
-52
-122
-138
-134
-157
-198
-182
-159
-155
-128
-131
-26
40
-12
-58
-21
-13
-26
-55
-117
-199
-233
-246
-246
-193
-122
-53
-15
-18
-76
-118
-168
-166
-141
-84
-51
-13
-4
-86
-123
-144
-89
-35
-9
-84
-189
-229
-238
-188
-157
-150
-77
50
109
102
-14
-150
-199
-153
-57
-4
-25
-70
-168
-215
-204
-206
-202
-82
99
194
125
-89
-189
-228
-244
-251
-181
-95
-72
-19
-103
-196
-203
-153
-81
-25
-31
-87
-110
-132
-137
-77
-7
-27
-47
12
-32
-132
-207
-235
-218
-192
-157
-97
-44
20
-46
-173
-203
-165
-137
-93
-71
-48
11
-2
-92
-116
-88
-18
-2
-48
-73
-83
-165
-220
-194
-120
-2
2
-142
-211
-237
-211
-125
-7
-8
-89
-167
-187
-83
-36
-117
-202
-234
-247
-252
-253
-153
-1
127
103
-12
-115
-187
-105
-12
-69
-106
-156
-161
-156
-138
-123
-121
-114
-125
-170
-215
-212
-171
-139
-121
-100
-81
-71
-69
-56
-22
-3
7
-42
-104
-166
-202
-199
-176
-145
-130
-126
-119
-112
-108
-105
-104
-104
-98
-94
-102
-107
-104
-93
-72
-70
-91
-110
-117
-121
-126
-125
-119
-111
-106
-102
-101
-100
-99
-98
-97
-96
-94
-94
-92
-91
-91
-90
-90
-94
-95
-89
-92
-94
-100
-104
-102
-101
-98
-96
-96
-96
-95
-95
-94
-93
-93
-94
-94
-94
-93
-94
-97
-98
-97
-97
-96
-97
-97
-98
-98
-98
-98
-98
-99
-99
-98
-99
-98
-99
-99
-101
-100
-99
-101
-103
-104
-105
-105
-105
-105
-106
-105
-105
-105
-106
-108
-107
-108
-109
-109
-108
-108
-108
-108
-109
-108
-109
-109
-108
-108
-109
-108
-107
-108
-108
-109
-110
-110
-112
-112
-112
-113
-114
-114
-113
-112
-112
-112
-112
-112
-111
-112
-113
-113
-112
-114
-113
-112
-112
-112
-112
-114
-113
-113
-113
-112
-111
-112
-113
-112
-111
-111
-112
-112
-111
-111
-111
-111
-110
-110
-109
-110
-110
-109
-109
-108
-108
-108
-108
-109
-109
-107
-108
-108
-108
-109
-109
-109
-109
-108
-108
-108
-108
-108
-107
-106
-106
-106
-105
-106
-107
-107
-108
-108
-108
-108
-108
-108
-107
-107
-107
-106
-106
-105
-105
-106
-106
-107
-106
-106
-107
-107
-107
-106
-106
-106
-107
-106
-107
-107
-107
-107
-107
-107
-107
-106
-105
-105
-107
-107
-106
-106
-106
-107
-106
-107
-107
-107
-108
-108
-108
-107
-107
-107
-107
-106
-106
-106
-107
-107
-106
-107
-106
-105
-105
-105
-105
-104
-105
-105
-105
-105
-105
-105
-106
-105
-105
-105
-106
-106
-106
