-11114
-105
-105
-105
-105
-105
-104
-104
-104
-105
-105
-106
-105
-106
-105
-104
-103
-104
-104
-104
-104
-104
-104
-105
-105
-105
-105
-106
-106
-106
-107
-107
-107
-106
-106
-106
-105
-105
-106
-106
-106
-106
-106
-106
-105
-105
-105
-106
-105
-105
-105
-105
-106
-106
-106
-106
-106
-105
-105
-105
-103
-101
-101
-101
-102
-102
-103
-103
-104
-104
-104
-104
-104
-104
-104
-104
-104
-104
-104
-104
-104
-104
-104
-104
-103
-103
-103
-103
-104
-104
-104
-104
-105
-104
-104
-104
-104
-104
-105
-105
-104
-104
-103
-103
-104
-104
-104
-104
-104
-104
-104
-103
-103
-103
-104
-104
-104
-104
-104
-105
-105
-104
-105
-104
-104
-104
-104
-104
-104
-104
-105
-105
-103
-103
-104
-104
-105
-105
-104
-104
-104
-103
-103
-103
-103
-103
-103
-103
-103
-103
-103
-103
-103
-102
-103
-103
-102
-102
-103
-103
-103
-103
-103
-104
-104
-103
-104
-104
-103
-103
-103
-103
-103
-103
-103
-103
-103
-102
-101
-102
-103
-103
-103
-104
-105
-104
-103
-103
-103
-103
-104
-104
-104
-104
-105
-104
-104
-105
-105
-105
-105
-105
-104
-104
-105
-104
-103
-103
-104
-106
-105
-105
-105
-105
-105
-105
-105
-106
-106
-106
-105
-105
-105
-106
-106
-105
-105
-105
-106
-106
-106
-105
-104
-103
-103
-102
-102
-103
-103
-104
-105
-106
-106
-106
-106
-107
-108
-108
-107
-107
-108
-109
-109
-108
-108
-107
-107
-107
-108
-107
-107
-106
-106
-106
-106
-105
-106
-107
-107
-107
-107
-107
-106
-106
-106
-107
-107
-107
-106
-107
-107
-108
-107
-106
-106
-107
-107
-107
-107
-107
-107
-107
-108
-108
-108
-107
-108
-108
-109
-108
-108
-109
-107
-106
-106
-106
-107
-108
-108
-108
-107
-106
-106
-106
-107
-108
-109
-108
-108
-108
-108
-108
-107
-107
-107
-106
-106
-106
-106
-106
-106
-106
-107
-107
-107
-107
-108
-108
-107
-107
-107
-108
-108
-107
-107
-107
-108
-107
-106
-107
-108
-108
-107
-107
-107
-107
-107
-108
-108
-109
-109
-109
-109
-110
-109
-108
-107
-107
-107
-108
-108
-108
-108
-107
-107
-106
-107
-107
-107
-107
-108
-108
-109
-108
-108
-108
-108
-108
-108
-108
-108
-108
-108
-108
-108
-107
-107
-108
-108
-107
-108
-108
-107
-106
-105
-105
-105
-104
-104
-105
-106
-108
-109
-109
-109
-109
-109
-109
-109
-108
-108
-108
-107
-107
-106
-107
-108
-108
-108
-109
-109
-108
-108
-108
-108
-107
-107
-107
-106
-107
-107
-108
-108
-109
-109
-108
-107
-107
-107
-107
-107
-108
-107
-106
-107
-106
-106
-105
-105
-106
-107
-106
-106
-106
-106
-107
-108
-108
-108
-108
-108
-107
-106
-105
-105
-105
-106
-106
-106
-107
-107
-106
-107
-107
-107
-106
-107
-107
-107
-107
-107
-108
-108
-108
-107
-106
-106
-106
-106
-107
-106
-105
-106
-105
-105
-105
-106
-106
-106
-106
-107
-107
-107
-107
-107
-106
-106
-107
-106
-106
-105
-107
-107
-107
-107
-107
-106
-106
-106
-106
-107
-108
-107
-106
-107
-107
-107
-107
-107
-108
-108
-108
-108
-107
-106
-107
-107
-108
-108
-106
-106
-107
-107
-107
-108
-108
-108
-108
-108
-107
-107
-106
-107
-107
-107
-107
-105
-104
-103
-101
-101
-101
-102
-103
-104
-104
-105
-104
-104
-105
-105
-105
-106
-106
-107
-107
-106
-106
-107
-106
-106
-106
-106
-105
-104
-104
-105
-105
-105
-106
-106
-106
-106
-106
-106
-105
-105
-104
-105
-106
-106
-105
-105
-104
-103
-103
-104
-103
-103
-102
-103
-104
-103
-103
-104
-104
-105
-105
-104
-104
-105
-105
-105
-104
-105
-104
-104
-104
-105
-105
-105
-105
-106
-106
-106
-105
-105
-105
-106
-106
-105
-105
-106
-105
-106
-106
-105
-105
-105
-106
-106
-105
-105
-105
-105
-104
-105
-105
-104
-104
-105
-104
-104
-104
-105
-105
-105
-105
-104
-104
-104
-105
-105
-105
-106
-105
-104
-105
-105
-105
-104
-104
-104
-104
-103
-103
-105
-106
-106
-106
-106
-106
-105
-105
-105
-105
-104
-104
-104
-103
-104
-104
-104
-104
-103
-103
-105
-105
-105
-103
-102
-103
-102
-101
-102
-102
-100
-100
-97
-95
-100
-102
-99
-98
-97
-97
-105
-108
-110
-111
-110
-112
-116
-112
-100
-88
-88
-97
-95
-77
-56
-49
-76
-100
-121
-126
-126
-127
-126
-112
-104
-103
-98
-104
-112
-111
-108
-107
-111
-114
-108
-101
-94
-93
-105
-114
-114
-109
-106
-104
-93
-85
-87
-103
-118
-118
-113
-114
-112
-96
-88
-96
-99
-95
-96
-103
-109
-101
-104
-109
-116
-123
-113
-106
-112
-121
-122
-120
-110
-82
-65
-71
-98
-116
-119
-125
-124
-113
-108
-105
-102
-111
-114
-117
-114
-108
-105
-113
-108
-95
-83
-74
-82
-101
-115
-122
-120
-100
-100
-114
-132
-124
-105
-98
-114
-125
-131
-124
-110
-104
-89
-75
-75
-87
-96
-102
-125
-139
-140
-123
-108
-102
-105
-112
-118
-108
-97
-93
-88
-84
-89
-93
-110
-117
-130
-135
-131
-115
-103
-107
-120
-128
-114
-80
-46
-42
-87
-128
-133
-102
-79
-86
-104
-116
-122
-127
-141
-145
-142
-124
-88
-71
-62
-66
-87
-105
-107
-99
-91
-89
-74
-51
-15
-20
-103
-184
-187
-150
-152
-172
-173
-147
-113
-77
-62
-67
-65
-57
-6
38
15
-36
-72
-120
-178
-203
-194
-183
-171
-151
-133
-123
-107
-78
-66
-82
-98
-64
-46
-75
-127
-156
-142
-122
-112
-106
-120
-147
-158
-135
-84
-56
-82
-100
-78
-60
-70
-70
-107
-166
-173
-155
-116
-88
-62
-64
-98
-122
-130
-139
-152
-139
-97
-84
-90
-50
-26
-71
-123
-144
-165
-163
-129
-104
-77
-62
-101
-142
-154
-164
-126
-79
-44
-24
-25
-33
-84
-165
-189
-177
-170
-159
-141
-122
-89
-44
-34
-67
-89
-122
-176
-219
-213
-164
-116
-79
-63
-86
-104
-97
-78
-74
-74
-84
-100
-96
-110
-123
-118
-96
-109
-134
-122
-123
-117
-112
-101
-117
-115
-62
-18
-17
-32
-71
-117
-142
-144
-133
-111
-108
-111
-108
-137
-161
-138
-109
-106
-93
-79
-87
-68
-49
-86
-136
-140
-127
-101
-106
-144
-155
-136
-113
-108
-85
-66
-134
-181
-115
-30
7
-35
-111
-164
-162
-130
-72
-41
-92
-163
-163
-144
-182
-223
-128
-11
-1
-20
-49
-61
-88
-126
-123
-128
-146
-147
-154
-182
-202
-149
-43
-47
-109
-111
-79
-44
-16
-28
-102
-149
-99
-98
-156
-139
-112
-101
-124
-141
-98
-104
-144
-134
-114
-101
-101
-84
-41
-18
-35
-97
-174
-171
-109
-90
-133
-146
-154
-146
-116
-75
-54
-38
-7
-33
-139
-202
-182
-190
-194
-155
-134
-115
-72
-7
-1
-74
-116
-131
-139
-156
-154
-106
-35
-6
-31
-119
-176
-192
-176
-104
-41
-65
-117
-136
-116
-69
-25
22
49
-1
-97
-161
-202
-221
-227
-226
-204
-188
-148
-48
-1
9
1
5
-17
-65
-102
-137
-173
-175
-183
-191
-167
-154
-144
-120
-94
-45
7
27
-37
-144
-189
-171
-185
-181
-146
-106
-97
-97
-95
-99
-64
-28
-45
-79
-78
-65
-64
-78
-127
-196
-231
-167
-45
-6
-39
-109
-126
-124
-125
-117
-144
-117
-49
-21
-59
-115
-131
-145
-147
-168
-157
-101
-44
-35
-70
-120
-150
-162
-128
-73
-36
-39
-105
-152
-122
-82
-62
-68
-74
-50
-35
-118
-202
-224
-202
-183
-144
-86
-88
-49
3
2
-57
-100
-97
-137
-165
-162
-167
-130
-85
-71
-83
-70
-61
-90
-126
-115
-124
-161
-170
-146
-102
-68
-62
-94
-87
-7
11
-71
-149
-174
-135
-139
-159
-132
-110
-131
-106
-17
-7
-60
-90
-140
-182
-157
-71
-39
-55
-73
-134
-189
-200
-157
-102
-96
-89
-68
-96
-113
-83
-57
-24
7
-43
-134
-193
-231
-244
-194
-113
-49
11
5
-7
-67
-136
-129
-126
-159
-200
-214
-157
-74
-35
-66
-86
-91
-119
-134
-109
-77
-53
-17
3
-28
-71
-130
-126
-122
-163
-195
-188
-166
-152
-124
-92
-90
-115
-102
-73
-30
-13
-61
-124
-144
-156
-175
-159
-107
-59
-23
-11
-62
-104
-137
-173
-191
-190
-138
-45
23
-2
-34
-47
-95
-150
-209
-228
-185
-143
-105
-117
-157
-146
-103
-80
-40
7
49
88
-10
-156
-207
-194
-213
-237
-192
-142
-132
-113
-47
36
0
-110
-147
-132
-106
-40
-23
-76
-96
-72
-58
-97
-146
-178
-203
-213
-206
-203
-174
-103
-28
4
-19
-83
-103
-120
-101
-101
-167
-131
-42
-67
-129
-131
-98
-95
-50
-34
-104
-160
-155
-155
-161
-138
-103
-107
-101
-103
-127
-92
-57
-68
-112
-124
-109
-81
-80
-106
-148
-168
-181
-168
-153
-120
-50
37
39
-64
-154
-168
-150
-131
-91
-63
-57
-86
-124
-151
-176
-117
-42
-17
-65
-110
-137
-146
-132
-117
-79
-84
-105
-124
-117
-101
-111
-139
-115
-98
-117
-148
-126
-64
-62
-53
-41
-93
-128
-140
-160
-163
-138
-119
-93
-32
-24
-92
-111
-112
-140
-122
-69
-104
-175
-191
-140
-75
-76
-105
-75
-26
-50
-104
-154
-151
-105
-92
-116
-167
-173
-122
-83
-35
24
24
-55
-132
-180
-200
-201
-180
-143
-113
-92
-59
-58
-58
-87
-130
-137
-100
-81
-75
-21
-5
-87
-109
-98
-127
-164
-190
-208
-203
-158
-91
-64
-92
-134
-134
-65
-20
-49
-48
-17
-20
-51
-108
-162
-203
-205
-211
-207
-171
-138
-67
20
34
-25
-89
-105
-94
-104
-107
-37
-28
-112
-135
-137
-142
-129
-121
-148
-177
-178
-167
-113
-56
-64
-69
-27
-69
-71
-46
-38
-114
-201
-233
-240
-164
-27
34
15
-42
-83
-123
-151
-131
-124
-155
-131
-98
-89
-92
-92
-97
-122
-136
-130
-102
-66
-82
-113
-123
-95
-91
-113
-110
-93
-96
-122
-133
-124
-110
-134
-137
-129
-105
-112
-132
-134
-140
-159
-117
-44
3
1
-27
-65
-106
-148
-175
-176
-101
-36
-31
-76
-146
-152
-72
-41
-93
-178
-192
-123
-34
-44
-105
-136
-156
-110
-50
-79
-95
-53
-36
-58
-115
-155
-189
-135
-46
-79
-174
-209
-184
-121
-80
-45
-28
-44
-78
-110
-60
47
105
24
-130
-206
-235
-247
-250
-195
-138
-98
-72
-73
-80
-129
-75
66
137
43
-95
-189
-228
-216
-167
-125
11
39
-28
-83
-138
-207
-236
-247
-157
4
59
-9
5
31
-41
-137
-192
-159
-142
-176
-159
-46
9
-43
-108
-117
-113
25
134
-49
-175
-210
-25
146
124
-70
-182
-226
-243
-157
71
31
-28
-93
-190
-229
-188
-151
-111
75
139
79
-62
-180
-225
-243
-193
16
158
164
-54
-176
-223
-242
-244
-74
-8
-24
11
22
-42
-170
-221
-242
-245
-14
150
214
137
-98
-192
-230
-245
-213
-165
-168
-60
23
-69
-150
-161
-125
-61
21
0
-40
-131
-149
-112
-88
-159
-163
-66
-71
-176
-223
-186
-192
-209
-50
135
144
-21
-162
-218
-240
-249
-253
-254
-193
-71
72
184
193
47
-135
-207
-236
-247
-226
-66
127
199
-15
-160
-217
-202
-94
-109
-158
-120
-64
-39
17
59
60
66
-64
-135
-201
-233
-171
-95
-146
-213
-218
-190
-84
5
-21
-120
-95
49
13
-149
-214
-234
-145
-47
-44
-44
-75
-3
153
192
-34
-168
-220
-241
-249
-246
-122
85
189
228
196
36
-104
-170
-220
-241
-250
-214
-104
-70
-116
-131
-146
-135
-110
7
152
92
-98
-180
-129
-77
-21
-55
-172
-222
-242
-245
-98
80
12
-146
-212
-177
-51
52
136
57
-71
-175
-223
-227
-214
-180
-72
10
27
-40
-167
-150
82
132
-44
-164
-219
-240
-249
-209
-219
-220
-39
63
26
1
-47
-141
-171
-47
37
51
-37
-52
-77
-170
-222
-242
-250
-223
-139
-132
-87
87
189
136
-25
-107
-179
-205
-118
11
-14
-156
-215
-108
-43
-43
-136
-208
-223
-194
-86
27
81
88
21
-31
-126
-184
-226
-243
-250
-253
-212
-43
135
208
112
-106
-196
-227
-159
-171
-208
-178
-137
-68
66
143
57
90
131
0
-154
-215
-238
-248
-117
94
-2
-90
-134
-170
-153
-46
100
195
108
-106
-196
-231
-219
-80
-132
-208
-167
-43
19
-12
-126
-145
-96
-76
-34
37
-47
-143
-104
26
84
-49
-166
-208
-217
-240
-249
-236
-176
-69
-18
-46
8
126
193
124
-42
-166
-186
-208
-219
-240
-249
-249
-145
-73
-82
-77
-14
40
-20
12
108
69
-99
-194
-231
-218
-119
-85
-68
-21
-10
-120
-160
-157
-174
-175
-85
14
11
-60
-109
-139
-125
-52
-71
-153
-215
-228
-234
-237
-90
91
103
68
142
94
-109
-197
-232
-246
-251
-171
-48
-42
-118
-133
-103
-92
-44
57
103
85
64
-43
-167
-220
-219
-59
-31
-132
-208
-236
-247
-178
-108
-33
81
106
-27
-77
-48
-57
-119
-129
-113
-176
-224
-196
-146
-118
-137
-177
-134
-2
124
156
-25
-165
-185
-128
-112
-98
-175
-223
-242
-249
-200
-131
-68
-27
32
80
38
-39
-61
-117
-195
-215
-195
-196
-169
-128
-43
-3
-34
-142
-211
-224
-155
-83
18
45
-56
-153
-154
-172
-180
-128
-69
-61
-103
-191
-218
-81
8
-6
-8
-10
-118
-200
-201
-175
-143
-168
-201
-198
-205
-187
-113
-37
-33
-39
18
-15
-97
-68
-31
-88
-190
-230
-245
-239
-222
-215
-171
-137
-71
55
104
29
-52
-86
-101
-77
-78
-138
-204
-234
-247
-236
-160
-87
-52
-25
-54
-143
-137
-40
-18
-141
-161
-90
-72
-76
-75
-24
-90
-189
-229
-244
-222
-169
-92
-44
-65
-120
-157
-122
-85
-97
-82
-5
-14
-148
-213
-182
-90
-56
-101
-166
-170
-157
-159
-83
5
-34
-118
-158
-176
-182
-112
-47
-98
-166
-181
-149
-66
-11
-137
-189
-145
-138
-30
42
-46
-157
-190
-146
-84
-60
-71
-110
-149
-112
-60
-140
-199
-194
-127
-55
-64
-97
-116
-103
-97
-108
-101
-128
-165
-145
-138
-161
-74
79
82
-69
-180
-218
-165
-78
-85
-143
-145
-134
-157
-148
-97
-102
-123
-95
-72
-49
14
37
-68
-154
-151
-158
-179
-170
-138
-132
-124
-128
-116
-74
-44
-41
-8
16
-72
-160
-176
-180
-155
-100
-111
-113
-91
-112
-122
-133
-115
-44
12
57
8
-108
-180
-207
-236
-209
-131
-104
-98
-45
-35
-88
-116
-62
2
33
-15
-74
-142
-206
-206
-152
-104
-98
-121
-114
-109
-161
-179
-142
-101
-71
-32
28
49
-34
-123
-162
-125
-76
-68
-113
-176
-183
-169
-165
-136
-130
-115
-83
-43
0
-45
-101
-106
-128
-92
-34
-71
-137
-160
-152
-142
-181
-160
-58
-21
-5
-26
-79
-170
-212
-169
-99
-83
-68
-35
-76
-133
-117
-47
-17
-69
-159
-189
-154
-90
-94
-110
-41
-16
-118
-183
-128
-98
-105
-123
-112
-109
-124
-138
-89
-58
-60
-91
-31
-20
-79
-168
-211
-176
-54
16
-94
-187
-196
-155
-135
-155
-154
-98
-28
-26
-80
-62
-16
-52
-123
-69
-5
-51
-171
-222
-238
-208
-173
-132
-115
-94
-69
-70
-65
-36
-43
-70
-22
-61
-100
-98
-120
-130
-135
-145
-164
-171
-160
-164
-153
-132
-99
-65
-21
29
52
36
-69
-166
-189
-193
-182
-140
-152
-188
-197
-151
-64
-3
-12
-64
-38
4
-44
-76
-82
-130
-178
-188
-166
-161
-151
-148
-192
-150
-39
22
10
-99
-144
-117
-64
-55
-101
-158
-178
-160
-152
-103
-68
-118
-162
-160
-119
-46
-19
23
16
-54
-143
-150
-178
-159
-143
-144
-160
-132
-82
-82
-143
-124
-25
19
-10
-64
-130
-130
-109
-98
-142
-165
-167
-162
-155
-142
-104
-103
-116
-55
27
54
-27
-118
-152
-118
-83
-72
-86
-121
-128
-117
-129
-135
-142
-142
-155
-138
-59
12
-14
-77
-90
-90
-26
59
48
-72
-177
-224
-231
-193
-163
-153
-155
-152
-133
-48
0
60
107
14
-124
-193
-153
-133
-124
-132
-126
-104
-100
-101
-133
-164
-140
-120
-85
-81
-62
-47
-32
-34
-13
16
40
-42
-173
-222
-238
-194
-160
-127
-109
-121
-127
-82
-24
1
14
-34
-73
-103
-131
-125
-96
-125
-167
-180
-186
-164
-115
-92
-77
-66
-48
-6
14
-12
-78
-129
-97
-107
-136
-125
-139
-177
-165
-119
-77
-74
-90
-93
-59
-43
-36
-15
-34
-121
-182
-178
-113
-60
-107
-189
-180
-152
-158
-131
-85
-41
8
32
-27
-105
-107
-92
-114
-154
-135
-85
-143
-185
-158
-139
-124
-93
-62
-81
-94
-64
-30
-20
-43
-119
-203
-171
-51
5
-25
-119
-170
-190
-197
-176
-140
-90
-56
-87
-117
-63
12
2
-39
-74
-138
-204
-179
-133
-124
-128
-132
-115
-114
-102
-75
-89
-95
-68
-55
-62
-92
-95
-108
-126
-137
-168
-185
-155
-84
-52
-24
-20
-107
-181
-128
-76
-77
-73
-64
-82
-132
-182
-175
-146
-119
-102
-91
-135
-177
-158
-63
7
40
10
-69
-86
-103
-143
-188
-192
-186
-173
-157
-153
-127
-120
-125
-91
-44
2
37
-6
-81
-139
-166
-164
-126
-95
-152
-191
-176
-143
-107
-113
-124
-105
-57
35
104
3
-117
-170
-179
-202
-178
-130
-122
-136
-128
-137
-173
-184
-122
-56
-56
-90
-57
15
88
44
-59
-162
-218
-208
-174
-161
-107
-117
-139
-141
-127
-112
-93
-93
-130
-113
-79
-91
-80
6
-7
-79
-126
-176
-170
-117
-112
-116
-125
-121
-144
-147
-123
-94
-77
-87
-89
-80
-106
-123
-110
-92
-119
-151
-128
-107
-93
-85
-137
-119
-84
-91
-81
-69
-91
-155
-174
-115
-102
-114
-114
-115
-120
-117
-65
-27
-85
-88
-45
-70
-140
-164
-132
-164
-178
-154
-136
-96
-71
-61
-54
-20
33
126
128
54
7
-79
-181
-225
-243
-250
-245
-216
-204
-180
-150
-102
-42
-11
14
52
82
-5
-80
-97
-146
-209
-237
-247
-217
-187
-173
-159
-152
-131
-61
-17
63
89
14
-47
-114
-190
-224
-243
-240
-187
-157
-155
-132
-115
-70
-19
-37
-90
-65
-27
-83
-73
-102
-148
-181
-167
-125
-87
-78
-121
-166
-167
-128
-111
-96
-55
-46
-69
-55
-25
-46
-81
-148
-192
-193
-177
-146
-120
-129
-127
-134
-103
-23
11
-22
-65
-123
-163
-129
-140
-196
-202
-168
-138
-126
-102
-94
-83
-43
-48
-66
-30
-24
14
-11
-127
-127
-73
-96
-173
-195
-209
-212
-177
-128
-74
-75
-60
7
43
97
131
93
-10
-141
-210
-237
-248
-252
-245
-220
-199
-163
-148
-140
-101
-42
7
3
-21
-5
22
-72
-145
-201
-208
-199
-177
-141
-122
-128
-136
-124
-118
-54
-14
-4
-50
-131
-169
-138
-92
-67
-47
-48
-142
-210
-193
-170
-115
-102
-150
-135
-96
-64
-56
-42
2
-27
-130
-133
-103
-132
-147
-132
-63
-101
-138
-165
-164
-98
-62
-64
-95
-114
-154
-168
-124
-47
-74
-59
-73
-178
-186
-120
-58
-35
-84
-146
-151
-123
-106
-62
49
92
-49
-173
-182
-100
20
75
37
-33
-147
-213
-222
-159
-77
-59
-88
-133
-150
-193
-177
-59
9
35
-51
-170
-221
-235
-184
-218
-208
-150
-134
-53
41
35
-52
-159
-215
-111
43
109
17
-101
-184
-227
-244
-251
-248
-180
-137
-124
-121
-115
-94
-9
95
129
112
57
-93
-191
-229
-232
-135
-89
-121
-201
-233
-213
-183
-150
-122
-122
-116
-79
-22
73
159
77
-24
-127
-189
-177
-166
-170
-153
-101
-103
-188
-222
-193
-91
15
8
-83
-143
-113
0
57
-6
-114
-151
-94
-103
-183
-201
-175
-143
-98
-68
-28
3
-23
-13
11
-54
-131
-183
-198
-223
-236
-233
-228
-187
-132
-71
-39
-20
1
-36
-8
32
-8
-88
-97
-89
-156
-212
-238
-231
-235
-209
-159
-102
-32
9
27
6
-46
-123
-200
-220
-172
-120
-77
-41
-20
-81
-169
-222
-207
-130
36
141
101
-36
-154
-215
-239
-249
-238
-208
-133
-84
-88
-127
-119
-100
-2
139
122
-44
-169
-220
-241
-187
-78
-30
-46
-126
-201
-234
-226
-146
-96
-71
-42
-41
-2
-7
-81
-137
-183
-136
-3
21
-60
-150
-213
-238
-248
-241
-189
-62
31
39
8
55
92
68
-49
-159
-195
-199
-169
-164
-216
-239
-230
-211
-147
-55
-44
-58
-30
22
150
145
-17
-159
-216
-238
-124
-30
-108
-198
-227
-222
-196
-143
-48
22
81
115
95
-67
-181
-226
-235
-189
-200
-206
-141
-83
-99
-162
-167
-55
35
80
27
53
121
121
-41
-171
-222
-241
-242
-134
-65
-141
-193
-133
-12
2
-34
-10
-14
-39
-123
-199
-215
-137
-130
-145
-109
-100
-139
-88
-107
-127
-127
-79
-64
-87
9
83
31
-88
-189
-229
-242
-119
18
-2
-139
-210
-205
-88
34
36
-95
-134
-156
-184
-125
-50
-44
-75
-139
-207
-236
-202
-73
57
124
51
-120
-202
-234
-154
50
157
101
-80
-125
-66
-76
-140
-208
-236
-247
-252
-235
-169
-25
84
54
22
-28
-113
-121
-78
-76
-144
-173
-155
-145
-156
-76
4
61
25
-115
-200
-233
-241
-139
8
67
26
-41
-153
-215
-226
-170
-155
-184
-93
-45
1
2
-17
-63
-103
-140
-198
-216
-169
-57
-56
-127
-162
-208
-222
-149
-18
97
69
-109
-198
-212
-111
31
-18
-136
-156
-75
-42
-78
-166
-195
-210
-223
-190
-78
57
91
60
-46
-55
-65
-75
-62
-92
-106
-171
-221
-242
-248
-200
-117
-53
-51
-73
-102
-8
98
12
-144
-211
-237
-153
-98
-155
-203
-189
-205
-217
-212
-92
31
10
-93
-190
-144
-4
35
-42
-160
-218
-240
-171
39
120
7
-150
-207
-164
-122
-45
-104
-113
-97
-119
-191
-230
-245
-166
-15
42
-37
-85
-25
-66
-137
-190
-188
-28
144
211
84
-120
-201
-233
-245
-126
-69
-159
-189
-134
17
161
199
77
-112
-198
-232
-246
-251
-254
-255
-246
-196
-90
47
94
46
-34
-103
-120
-57
-109
-197
-232
-246
-244
-223
-242
-208
-134
-93
-78
-13
104
151
33
-131
-206
-235
-234
-151
-88
-93
-135
-164
-170
-163
-156
-140
-146
-140
-123
-112
-117
-111
-94
-93
-98
-66
-26
-31
-54
-95
-154
-190
-186
-176
-165
-148
-134
-125
-118
-115
-114
-114
-113
-108
-104
-103
-106
-106
-103
-99
-93
-92
-103
-124
-122
-98
-87
-94
-106
-117
-126
-125
-124
-120
-117
-114
-111
-108
-107
-107
-106
-105
-104
-103
-105
-107
-108
-106
-106
-106
-105
-106
-106
-105
-106
-106
-106
-105
-108
-110
-109
-109
-108
-108
-108
-107
-108
-107
-106
-105
-105
-105
-104
-105
-106
-105
-105
-106
-106
-106
-107
-106
-106
-105
-105
-104
-103
-104
-103
-103
-103
-103
-105
-105
-105
-104
-103
-101
-101
-105
-107
-106
-106
-106
-106
-105
-105
-104
-104
-103
-103
-102
-101
-101
-101
-101
-102
-102
-102
-101
-101
-101
-100
-100
-101
-100
-99
-99
-100
-100
-99
-98
-98
-98
-98
-98
-98
-98
-98
-99
-99
-100
-100
-98
-99
-99
-99
-99
-99
-99
-99
-98
-99
-99
-100
-99
-99
-99
-99
-98
-98
-98
-98
-98
-99
-100
-100
-99
-98
-99
