-10906
-107
-106
-106
-107
-107
-107
-106
-107
-107
-106
-107
-107
-107
-107
-106
-107
-106
-107
-107
-108
-108
-108
-108
-107
-107
-108
-107
-107
-107
-106
-106
-106
-107
-107
-107
-106
-106
-107
-107
-107
-108
-108
-108
-108
-107
-108
-108
-108
-108
-109
-108
-106
-106
-106
-107
-107
-107
-106
-106
-106
-106
-106
-107
-107
-107
-108
-108
-108
-107
-105
-105
-104
-104
-103
-103
-104
-104
-107
-107
-108
-107
-107
-107
-107
-108
-108
-108
-107
-106
-106
-107
-107
-107
-107
-106
-106
-107
-106
-106
-106
-106
-107
-105
-106
-106
-105
-105
-106
-107
-107
-106
-106
-107
-107
-106
-106
-106
-105
-105
-105
-106
-105
-105
-105
-105
-105
-105
-105
-106
-106
-106
-106
-106
-107
-107
-107
-107
-108
-107
-108
-109
-108
-108
-107
-108
-108
-108
-107
-106
-107
-107
-107
-107
-107
-107
-107
-106
-107
-107
-107
-106
-107
-106
-106
-105
-106
-106
-106
-105
-106
-107
-106
-106
-106
-105
-106
-105
-107
-108
-108
-107
-107
-106
-106
-105
-105
-104
-104
-104
-104
-104
-105
-105
-105
-105
-105
-105
-104
-105
-105
-105
-105
-105
-106
-105
-105
-105
-105
-106
-105
-105
-105
-106
-106
-105
-105
-105
-105
-105
-106
-106
-105
-105
-106
-105
-106
-106
-106
-107
-107
-106
-106
-106
-106
-106
-106
-107
-107
-106
-104
-103
-104
-104
-105
-106
-106
-107
-107
-106
-105
-105
-106
-107
-108
-108
-107
-107
-108
-108
-108
-108
-107
-106
-104
-103
-103
-103
-103
-104
-105
-106
-107
-107
-107
-108
-108
-108
-108
-107
-107
-107
-107
-107
-107
-107
-107
-107
-108
-107
-107
-106
-106
-105
-106
-106
-107
-107
-106
-106
-106
-106
-106
-106
-104
-105
-105
-105
-104
-105
-105
-105
-105
-105
-106
-107
-107
-107
-106
-107
-107
-106
-106
-106
-105
-106
-106
-106
-107
-107
-107
-107
-106
-107
-107
-106
-105
-106
-106
-106
-106
-106
-106
-105
-105
-106
-106
-106
-106
-107
-107
-106
-105
-105
-105
-104
-103
-104
-104
-105
-105
-104
-104
-105
-104
-104
-105
-105
-105
-105
-106
-106
-106
-106
-106
-106
-105
-105
-106
-105
-106
-106
-106
-105
-105
-105
-105
-105
-105
-106
-106
-107
-108
-108
-107
-106
-106
-106
-106
-106
-105
-106
-105
-104
-104
-103
-104
-105
-106
-105
-104
-105
-105
-105
-107
-106
-106
-108
-109
-108
-107
-108
-108
-107
-107
-108
-108
-107
-108
-108
-107
-108
-108
-108
-108
-108
-107
-106
-106
-107
-107
-107
-108
-108
-108
-108
-108
-108
-108
-108
-108
-108
-108
-107
-106
-106
-105
-105
-106
-107
-108
-109
-109
-109
-109
-109
-109
-109
-110
-110
-111
-112
-112
-111
-112
-113
-113
-112
-113
-112
-111
-111
-111
-112
-111
-111
-112
-112
-113
-111
-111
-110
-110
-111
-110
-110
-110
-110
-110
-109
-110
-110
-111
-110
-110
-109
-110
-110
-111
-111
-111
-111
-111
-111
-112
-112
-112
-112
-112
-112
-112
-112
-112
-111
-111
-111
-111
-111
-111
-111
-111
-111
-111
-112
-111
-111
-111
-111
-111
-111
-112
-112
-112
-111
-111
-111
-111
-111
-112
-112
-113
-113
-113
-113
-113
-113
-113
-112
-112
-111
-111
-110
-111
-111
-111
-111
-110
-109
-110
-110
-110
-110
-109
-109
-108
-109
-111
-111
-112
-112
-110
-110
-112
-112
-111
-111
-113
-113
-114
-112
-111
-109
-108
-110
-112
-112
-112
-111
-112
-112
-111
-109
-108
-107
-107
-110
-110
-110
-110
-111
-111
-111
-110
-110
-109
-110
-110
-110
-109
-109
-110
-109
-109
-109
-109
-109
-108
-109
-109
-111
-111
-109
-110
-109
-108
-108
-109
-110
-109
-109
-108
-107
-106
-105
-104
-103
-103
-103
-102
-103
-105
-106
-107
-108
-108
-106
-105
-105
-109
-108
-107
-109
-108
-108
-107
-106
-103
-102
-102
-105
-105
-106
-104
-104
-104
-104
-106
-102
-99
-102
-113
-115
-108
-104
-111
-113
-110
-104
-100
-101
-106
-105
-103
-101
-100
-101
-105
-106
-108
-106
-103
-106
-111
-112
-110
-105
-93
-80
-77
-88
-91
-86
-84
-91
-112
-120
-104
-88
-69
-81
-112
-123
-122
-110
-106
-101
-97
-93
-78
-61
-79
-108
-125
-126
-136
-145
-143
-138
-133
-129
-104
-70
-77
-101
-110
-95
-61
-45
-83
-129
-133
-100
-95
-127
-153
-151
-132
-104
-75
-67
-81
-101
-100
-106
-107
-84
-55
-65
-105
-123
-97
-83
-103
-114
-115
-117
-136
-145
-108
-47
-11
-17
-29
-40
-64
-96
-134
-153
-171
-188
-181
-146
-106
-73
-51
-73
-97
-83
-80
-123
-149
-141
-112
-98
-111
-121
-132
-146
-157
-135
-102
-77
-58
-44
-30
-42
-95
-140
-144
-147
-154
-162
-148
-130
-110
-91
-86
-53
-16
12
-15
-108
-170
-190
-152
-139
-150
-151
-149
-142
-102
-60
-51
-81
-102
-90
-83
-78
-50
-43
-58
-93
-128
-141
-166
-148
-108
-135
-141
-119
-110
-121
-98
-45
-41
-45
-59
-69
-61
-90
-117
-140
-157
-131
-65
17
99
94
36
-56
-167
-220
-241
-249
-253
-228
-87
-10
-8
-57
-82
-84
-140
-163
-146
-150
-187
-187
-134
-69
-21
-40
-93
-105
-96
-102
-103
-109
-130
-50
43
4
-134
-208
-236
-223
-125
-70
-58
-67
-61
-18
-9
-36
-45
-98
-95
-55
-72
-74
-118
-195
-220
-194
-136
-101
-73
-71
-104
-85
-29
43
63
-79
-184
-156
-129
-103
-77
-94
-98
-120
-196
-232
-225
-151
-35
24
36
62
19
-103
-178
-184
-220
-199
-148
-129
-117
-119
-118
-85
-34
-41
-16
39
47
11
-105
-172
-165
-172
-159
-136
-149
-194
-222
-196
-120
-25
31
54
30
-17
-77
-150
-169
-101
-50
-104
-188
-224
-208
-165
-133
-116
-77
-26
-12
23
30
-22
-104
-161
-195
-194
-150
-110
-100
-84
-115
-145
-124
-58
-3
3
-61
-146
-184
-137
-99
-94
-120
-119
-113
-68
-18
-13
-50
-85
-90
-155
-216
-210
-155
-61
13
-11
-51
-117
-193
-189
-136
-133
-147
-96
4
2
-50
-60
-75
-74
-104
-131
-146
-177
-172
-154
-140
-106
-113
-131
-45
42
-2
-59
-96
-147
-171
-167
-145
-94
-47
-17
1
-88
-191
-210
-157
-130
-132
-136
-116
-73
-43
31
38
-65
-144
-144
-170
-214
-185
-99
-73
-92
-79
-75
-89
-173
-223
-224
-120
30
52
-47
-148
-194
-196
-113
-18
34
27
-72
-182
-226
-218
-158
-99
-107
-60
59
27
-61
-69
-118
-197
-232
-200
-102
-70
-38
17
7
-62
-137
-208
-209
-113
-26
18
-26
-125
-141
-107
-141
-206
-236
-219
-151
10
134
20
-92
-127
-162
-182
-192
-190
-149
-55
23
35
-41
-165
-219
-221
-138
-84
-95
-154
-196
-201
-161
-106
-76
-3
67
11
-79
-157
-179
-182
-160
-79
-93
-171
-155
-102
-27
-2
-39
-9
-31
-152
-215
-239
-248
-150
46
158
147
51
-115
-199
-233
-246
-252
-218
-147
-65
36
131
117
-46
-157
-214
-238
-188
-17
67
29
-45
-158
-187
-185
-171
-167
-210
-132
-44
-5
-64
-149
-202
-234
-218
-105
30
83
178
99
-98
-193
-230
-245
-132
11
40
-26
-121
-151
-108
-114
-187
-163
-65
7
63
-33
-167
-220
-170
-75
-108
-134
-131
-105
-60
-99
-162
-210
-139
60
179
143
-79
-154
-140
-208
-236
-247
-252
-106
106
196
198
9
-133
-157
-209
-234
-85
51
21
-101
-194
-231
-245
-83
123
156
8
-151
-214
-226
-163
-82
-69
51
103
-9
-159
-217
-182
-46
20
-58
-141
-163
-217
-180
-104
-129
-153
-19
26
-21
-68
-181
-195
-89
-60
-175
-224
-198
-96
-60
-116
-202
-206
10
159
197
39
-133
-206
-235
-247
-76
126
159
-30
-167
-220
-241
-250
-193
-135
-177
-109
26
165
102
-87
-187
-158
-110
-39
136
120
-85
-188
-228
-244
-166
20
44
-24
-81
-178
-224
-203
-151
-22
146
198
6
-152
-207
-203
-169
-204
-207
10
80
-26
-113
-199
-233
-243
-240
-249
-161
85
188
226
56
-133
-206
-235
-247
-135
75
13
-6
-84
-161
-161
-218
-231
-87
12
38
-44
-165
-220
-241
-249
-253
-222
-67
6
65
135
8
30
109
32
-92
-191
-229
-245
-251
-187
-77
-25
98
193
224
-10
-158
-216
-239
-249
-253
-228
20
163
215
-20
-162
-217
-240
-195
35
169
127
-87
-130
-100
-170
-213
-208
-226
-243
-227
-100
46
108
182
156
100
-81
-186
-227
-244
-250
-240
-171
-74
7
143
174
123
50
-120
-201
-233
-198
-121
13
66
-37
-140
-210
-237
-239
-74
96
131
12
-109
-196
-231
-241
-118
-18
-89
-42
139
150
-12
-159
-217
-240
-247
-126
-10
-58
-113
-192
-195
25
106
74
-38
-170
-221
-241
-173
28
166
177
29
-33
-142
-210
-196
-112
-176
-225
-149
8
29
-107
-198
-215
-109
-78
-140
-135
-85
-57
9
90
64
-87
-185
-227
-217
-153
-50
-39
-115
-177
-180
-218
-240
-191
-61
24
83
160
142
-9
-158
-216
-232
-141
-30
35
25
-56
-171
-222
-241
-241
-118
-13
-44
-32
46
105
189
111
-50
-35
52
-47
-173
-222
-241
-249
-194
-167
-207
-71
122
203
233
144
48
-68
-179
-224
-243
-238
-181
-157
-97
-65
-89
-33
21
9
-114
-116
37
60
-23
-149
-169
-67
110
95
-116
-200
-233
-202
45
54
-107
-197
-206
-29
4
-90
-175
-165
-57
108
126
145
188
18
-148
-201
-161
-216
-239
-249
-252
-254
-255
-223
-101
77
185
121
115
201
88
-115
-199
-232
-219
-241
-223
-159
-93
-34
85
52
-106
-107
57
52
-135
-208
-233
-118
-77
-39
-39
-130
-188
-197
-64
98
134
-85
-188
-226
-126
-85
1
35
-92
-192
-197
-91
53
136
-15
-161
-218
-240
-243
-161
-3
70
66
2
-25
-49
-95
-28
35
-95
-193
-230
-241
-97
-35
5
-75
-148
-164
-104
4
-54
-171
-118
98
35
-142
-210
-236
-147
-34
-97
-195
-232
-243
-32
96
19
35
77
37
-27
-125
-157
-101
-55
-166
-220
-241
-250
-252
-196
-193
-196
-143
24
159
185
11
-145
-211
-238
-248
-229
16
162
78
-122
-158
-129
7
-69
-184
-226
-243
-248
-3
154
173
-36
-20
-38
-107
-144
-61
-117
-200
-233
-246
-194
-160
-135
-25
63
-68
-183
-226
-199
-53
104
95
-55
-174
-218
-241
-249
-223
-40
140
146
-87
-188
-223
-208
-121
-27
23
42
0
-146
-200
-96
-168
-221
-242
-249
-63
131
72
-64
-81
-106
-57
-48
-64
-94
-139
-208
-236
-174
-45
106
9
-153
-193
-176
-180
-192
-185
-77
-51
-149
-173
-151
-208
-117
3
5
45
27
-122
-196
-144
-201
-172
-120
14
161
176
-61
-178
-224
-222
-86
-82
-136
-94
-1
9
39
4
8
-36
-170
-216
-236
-157
-167
-222
-242
-208
-180
-76
106
197
230
59
-131
-205
-152
-107
-196
-232
-246
-251
-169
-16
53
38
34
79
85
41
-1
-84
-92
-185
-227
-244
-251
-72
66
-6
-26
78
56
-66
-103
-24
9
-72
-181
-226
-243
-228
-125
-73
79
186
151
-28
-18
-86
-188
-228
-232
-181
-177
-115
67
182
148
-94
-191
-229
-91
54
-63
-181
-155
-2
5
-12
129
138
-90
-189
-229
-196
-127
-165
-201
-175
-48
56
151
88
-26
-163
-218
-214
11
113
-67
-182
-226
-162
-54
-31
-31
-98
-194
-141
92
187
45
-136
-207
-236
-243
-179
-76
-32
-84
-156
-186
-199
-113
101
195
176
-47
-168
-220
-241
-249
-253
-187
-9
12
-91
-165
-198
-180
-164
-103
-25
9
-9
56
123
114
-18
-161
-217
-240
-210
-184
-211
-172
-162
-186
-190
-118
-52
-53
-10
73
164
218
89
-110
-197
-232
-242
-208
-206
-95
80
140
74
-17
-112
-132
-152
-158
-163
-170
-180
-107
-8
15
-84
-167
-199
-197
-92
16
49
-55
-174
-153
-17
2
-41
-85
-165
-219
-200
-117
-84
-115
-108
-140
-151
-77
-19
-23
-95
-177
-174
-66
24
-18
-77
-99
-111
-48
13
-36
-136
-157
-133
-125
-136
-190
-226
-121
14
2
-105
-179
-165
-99
-71
-79
-77
-114
-144
-124
-86
-51
-81
-123
-164
-188
-138
-54
-74
-134
-153
-126
-87
-78
-88
-80
-21
29
-20
-127
-159
-164
-165
-146
-129
-133
-134
-82
-36
-19
37
89
69
-74
-182
-226
-234
-155
-92
-125
-188
-207
-201
-155
-49
52
28
-2
18
11
-67
-68
-94
-185
-223
-204
-175
-123
-115
-142
-152
-120
-40
-10
-66
-40
10
-43
-90
-20
49
80
-10
-124
-199
-233
-246
-250
-235
-225
-172
-118
-86
-65
-63
-49
28
125
52
-112
-179
-162
-164
-179
-169
-135
-112
-102
-111
-149
-123
-62
-47
-30
-39
-20
12
-33
-135
-122
-95
-161
-218
-189
-104
-66
-78
-118
-169
-209
-163
-80
-39
-2
1
-16
-73
-130
-76
19
0
-125
-204
-199
-136
-102
-124
-112
-118
-168
-165
-69
-62
-76
-50
-60
-110
-97
-62
-85
-134
-165
-118
-79
-57
-16
-48
-125
-176
-149
-98
-61
-63
-107
-144
-157
-150
-143
-70
56
94
-50
-146
-95
-70
-140
-115
-56
-72
-162
-207
-230
-216
-173
-126
-108
-77
-30
-48
-38
1
-52
-110
-138
-171
-173
-142
-130
-122
-95
-84
-116
-74
29
58
-42
-159
-217
-229
-184
-137
-117
-110
-107
-45
39
116
71
-60
-133
-118
-162
-216
-235
-165
-110
-124
-134
-112
-70
-35
-65
-122
-160
-153
-82
-4
-3
-42
-102
-89
-73
-86
-42
-10
-101
-196
-232
-215
-187
-179
-182
-152
2
154
59
-132
-206
-212
-101
-43
-79
-161
-197
-118
-22
-44
-161
-218
-208
-164
-102
-19
-1
-86
-149
-162
-134
-38
-2
-66
-144
-164
-179
-180
-79
-60
-106
-91
-72
-140
-127
-100
-35
-22
-94
-162
-158
-123
-145
-196
-190
-155
-103
-24
33
-16
-129
-195
-167
-102
-87
-141
-188
-168
-124
-81
-57
-20
-32
-91
-112
-109
-74
-59
-155
-214
-197
-168
-135
-101
-41
-12
-32
-78
-91
-57
-66
-103
-143
-188
-179
-90
-6
-57
-167
-188
-155
-92
-50
-91
-115
-118
-141
-154
-159
-146
-119
-71
1
18
-70
-139
-122
-91
-60
-85
-132
-156
-158
-171
-111
-55
-70
-114
-147
-180
-152
-119
-87
-51
-23
-56
-36
-51
-116
-189
-195
-146
-111
-117
-102
-116
-147
-102
-40
-33
-79
-132
-164
-148
-101
-43
-10
-38
-115
-128
-113
-139
-169
-154
-126
-145
-188
-191
-177
-90
-15
-39
-29
-29
-115
-119
-53
-97
-159
-162
-140
-115
-136
-182
-168
-126
-61
1
-6
-94
-160
-133
-104
-125
-134
-143
-173
-176
-148
-132
-94
-23
0
-89
-108
-76
-32
-49
-129
-205
-221
-155
-120
-120
-138
-149
-119
-74
-50
-48
-87
-87
-42
11
15
-55
-144
-174
-173
-178
-198
-188
-176
-160
-122
-88
-76
-57
-48
-64
-79
-64
-75
-93
-113
-145
-175
-151
-124
-124
-127
-119
-104
-74
-64
-84
-70
-80
-112
-134
-131
-122
-102
-57
-18
-22
-115
-197
-209
-202
-141
-68
-50
-83
-138
-125
-60
-44
-58
-92
-144
-169
-146
-71
-38
-112
-196
-197
-158
-125
-87
-72
-92
-115
-108
-57
-3
-21
-99
-151
-169
-142
-80
-64
-117
-181
-178
-146
-114
-103
-135
-154
-124
-84
-67
0
58
16
-56
-104
-140
-201
-232
-223
-180
-131
-128
-125
-124
-90
-72
-87
-107
-101
-101
-100
-66
-47
-82
-103
-112
-89
-57
-76
-169
-202
-205
-170
-122
-105
-113
-130
-137
-96
-48
28
42
-66
-157
-112
-74
-129
-177
-188
-174
-184
-185
-115
-71
-58
-27
-9
-35
-120
-183
-165
-100
-84
-74
-59
-89
-134
-155
-142
-96
-96
-128
-103
-68
-90
-151
-156
-107
-63
-52
-66
-98
-119
-106
-78
-82
-70
-65
-138
-209
-213
-185
-141
-100
-97
-89
-50
-3
22
-23
-132
-183
-181
-165
-125
-105
-124
-150
-167
-151
-117
-79
-59
-59
-49
-53
-83
-110
-124
-65
-38
-112
-174
-190
-138
-51
-66
-117
-141
-121
-136
-121
-90
-95
-104
-96
-89
-92
-125
-144
-133
-122
-119
-134
-142
-131
-127
-125
-73
-61
-74
-53
-13
-23
-67
-94
-115
-145
-182
-223
-217
-137
-92
-89
-96
-119
-118
-74
-25
-60
-124
-147
-148
-138
-66
-12
-53
-131
-163
-166
-166
-131
-107
-116
-135
-130
-99
-30
7
-49
-123
-148
-123
-90
-43
-6
-59
-147
-197
-204
-178
-140
-91
-91
-108
-137
-138
-109
-87
-57
-25
-81
-155
-186
-173
-103
-35
-18
-34
-98
-145
-102
-33
-68
-143
-103
-87
-177
-224
-193
-127
-90
-69
-78
-86
-66
-78
-46
22
-39
-144
-140
-129
-127
-104
-127
-159
-150
-95
-91
-122
-137
-127
-107
-77
-61
-81
-114
-102
-115
-164
-143
-86
-115
-165
-156
-144
-146
-113
-22
-32
-131
-155
-87
-33
-44
-79
-102
-131
-124
-113
-123
-139
-145
-121
-106
-98
-103
-120
-95
-53
-52
-87
-105
-129
-145
-151
-151
-124
-99
-112
-124
-116
-115
-132
-104
-44
-32
-76
-108
-106
-108
-113
-126
-72
-7
-27
-109
-187
-200
-57
79
60
-32
-87
-128
-109
-88
-105
-146
-146
-53
3
-60
-75
9
-36
-168
-221
-241
-249
-252
-208
-145
-48
52
86
24
-71
-15
-3
-131
-206
-235
-218
-186
-170
-154
-125
-82
-125
-166
-118
-61
-68
-26
-6
-41
-112
-165
-172
-156
-144
-146
-159
-181
-123
-48
-63
-149
-156
-82
-56
-103
-120
-96
-76
-60
-32
-40
-73
-93
-127
-180
-175
-128
-99
-122
-161
-142
-125
-96
-55
-50
-66
-92
-145
-154
-130
-90
-118
-130
-50
-49
-125
-166
-153
-113
-74
-111
-171
-148
-123
-116
-97
-85
-64
-62
-83
-142
-170
-134
-64
-23
-36
-85
-124
-138
-131
-137
-129
-93
-96
-118
-61
6
21
-83
-185
-198
-137
-93
-111
-143
-154
-125
-77
12
101
84
-68
-182
-154
16
4
-118
-145
-107
-144
-209
-227
-151
-109
-112
-24
63
53
33
-43
-164
-219
-240
-226
-181
-172
-200
-195
-134
-75
-41
-29
-57
-93
-71
-87
-152
-196
-201
-178
-152
-65
26
-30
-88
-17
55
-34
-164
-211
-202
-165
-91
-92
-184
-227
-223
-164
-44
29
7
-104
-156
-180
-170
-92
-91
-91
-16
-26
-133
-208
-232
-212
-163
-35
51
6
-79
-97
-124
-121
-99
-95
-55
-83
-170
-174
-149
-153
-126
-118
-129
-131
-99
15
111
84
-38
-165
-204
-193
-162
-106
-42
-90
-159
-215
-230
-194
-161
-163
-132
-53
-16
-49
-116
-59
43
78
0
-29
-59
-131
-196
-159
-71
55
141
168
56
-115
-199
-233
-246
-251
-246
-173
-86
-102
-196
-219
-114
58
172
202
64
-125
-203
-234
-241
-224
-244
-238
-147
-78
-90
-135
-86
42
124
85
12
-11
-88
-147
-206
-235
-247
-241
-211
-169
-99
-59
-40
-114
-197
-98
52
174
167
-54
-175
-145
-102
-157
-215
-239
-248
-252
-212
-155
-94
-28
-31
-61
-17
47
75
88
92
9
-86
-141
-198
-232
-246
-252
-241
-87
9
3
-16
-36
-7
-72
-183
-226
-201
-60
65
11
-54
-130
-157
-98
-49
-75
-121
-146
-162
-168
-188
-221
-241
-205
-76
79
181
128
18
-119
-201
-233
-246
-243
-164
-60
-60
-158
-210
-96
65
111
120
126
-65
-181
-225
-220
-165
-130
-159
-196
-202
-176
-90
-56
-67
-43
-6
34
43
-61
-143
-130
-119
-97
-67
-42
-132
-207
-168
16
-38
-170
-222
-207
-39
25
-48
-158
-205
-146
-56
-71
-129
-146
-56
48
78
-15
-134
-207
-184
-137
-114
-153
-213
-238
-134
14
50
8
-49
-43
-60
-101
-154
-191
-106
2
-20
-111
-198
-232
-246
-249
-185
-92
-11
138
209
232
92
-75
-183
-226
-243
-203
-147
-40
12
-56
-177
-223
-130
-88
-87
-35
-40
-118
-123
-100
-37
42
-8
-128
-205
-235
-247
-229
-28
123
102
31
-73
-156
-209
-223
-143
-50
-8
3
-15
-82
-136
-102
-28
-39
-132
-202
-234
-247
-234
-163
-76
-67
-28
6
-63
-181
-226
-243
-122
87
144
4
-58
-34
-52
-168
-216
-159
-139
-190
-189
-167
-164
-160
-125
-40
6
-4
-90
-144
-61
44
60
-38
-133
-169
-212
-205
-182
-174
-192
-170
-156
-64
-44
-4
-20
-147
-172
-127
-73
-96
-52
25
-25
-40
-72
-156
-215
-239
-149
53
53
-111
-199
-217
-67
1
-41
-124
-152
-165
-115
76
180
33
-142
-210
-237
-247
-209
-140
-76
26
76
11
-36
37
40
-88
-190
-229
-234
-116
-80
-173
-223
-209
-91
-11
30
58
-36
-146
-212
-143
-41
-84
-120
-94
-76
-56
-85
-175
-212
-153
-134
-108
-147
-182
-78
70
91
-29
-160
-206
-178
8
99
-25
-166
-220
-241
-188
-36
27
138
129
0
-126
-163
-111
-105
-170
-204
-199
-175
-77
21
47
-80
-188
-228
-187
-6
124
32
-40
-16
71
18
-85
-107
-47
16
-41
-173
-200
-149
-124
-152
-216
-239
-249
-253
-254
-205
-91
38
169
220
116
-102
-194
-230
-245
-234
-140
-77
-47
-42
-23
12
-75
-185
-219
-105
-7
-74
-172
-185
-189
-159
-73
3
43
13
-48
-85
-121
-130
-84
-27
-16
-77
-181
-226
-243
-236
-206
-211
-190
-147
-59
0
2
-89
-186
-202
-134
-78
-67
-82
-98
-105
-125
-132
-94
-84
-104
-137
-148
-129
-88
-59
-72
-71
-61
-70
-72
-94
-93
-69
-98
-127
-134
-129
-119
-113
-104
-96
-92
-86
-82
-78
-62
-65
-89
-106
-112
-108
-109
-110
-98
-88
-94
-101
-105
-113
-113
-112
-108
-105
-102
-96
-92
-97
-102
-101
-99
-99
-100
-97
-95
-97
-102
-107
-109
-109
-109
-111
-113
-111
-109
-107
-106
-105
-104
-104
-105
-107
-110
-109
-106
-102
-101
-102
-102
-103
-106
-108
-110
-111
-110
-109
-109
-108
-109
-108
-108
-108
-108
-108
-107
-107
-107
-106
-106
-106
-106
-106
-108
-107
-107
-106
-106
-107
-107
-107
-107
-108
-108
-108
-108
-107
-108
-108
-108
-109
-108
-107
-107
-108
-108
-108
-107
-107
-108
-108
-108
-107
-107
-108
-108
-107
-107
-107
-107
-106
-107
-108
-108
-108
-107
-107
-107
-107
-108
-108
-109
-108
-108
-109
-109
-109
-110
-110
-109
-109
-109
-108
-108
-108
-108
-108
-109
-108
-108
-108
-108
-108
-107
-106
-106
-106
-107
-108
-110
-112
-112
-111
-111
-110
-111
-111
-111
-111
-110
-110
-111
-110
-110
-110
-110
-110
-111
-110
-109
-110
-111
-111
-111
-110
-111
-111
-110
-110
-110
-109
-109
-109
-109
-109
-109
-108
-108
-108
-108
-107
-108
-108
-108
-108
-108
-108
-108
-109
-109
-110
-110
-109
-110
-109
-108
-109
-109
-109
-108
-108
-109
-109
-110
-109
-109
-109
-108
-107
-106
-107
-108
-108
-107
-107
-107
-107
-107
-107
-107
-106
-106
-106
-106
-106
-105
-105
-106
-106
-105
-105
-106
-106
-105
-105
-105
-106
-106
-107
-107
-107
