18268
-105
-105
-106
-105
-106
-104
-104
-104
-105
-104
-104
-104
-104
-103
-103
-103
-103
-103
-103
-103
-104
-104
-105
-104
-105
-105
-105
-106
-106
-105
-104
-103
-104
-104
-104
-104
-104
-104
-104
-103
-103
-103
-103
-103
-104
-104
-104
-104
-104
-105
-104
-103
-103
-104
-104
-105
-105
-105
-105
-106
-105
-105
-104
-104
-103
-102
-102
-102
-100
-100
-101
-103
-104
-104
-106
-107
-107
-106
-107
-107
-107
-106
-105
-105
-105
-104
-105
-105
-105
-105
-106
-106
-106
-105
-105
-104
-105
-104
-104
-104
-104
-103
-104
-104
-104
-103
-103
-103
-105
-105
-105
-105
-105
-105
-104
-104
-105
-105
-105
-105
-105
-105
-104
-104
-105
-106
-106
-105
-105
-105
-104
-105
-104
-104
-104
-104
-104
-104
-104
-103
-104
-105
-105
-105
-106
-106
-106
-105
-105
-105
-106
-106
-105
-105
-105
-104
-104
-104
-104
-104
-103
-104
-105
-104
-104
-103
-105
-105
-106
-106
-106
-106
-104
-103
-104
-104
-104
-103
-104
-105
-105
-104
-104
-104
-104
-104
-103
-104
-104
-104
-105
-106
-105
-104
-105
-105
-105
-105
-105
-106
-106
-106
-106
-106
-106
-105
-105
-105
-106
-105
-105
-104
-104
-104
-103
-104
-104
-104
-104
-103
-104
-104
-104
-105
-105
-105
-104
-104
-104
-104
-104
-104
-103
-104
-104
-104
-105
-105
-105
-104
-104
-105
-105
-104
-104
-105
-105
-104
-104
-103
-103
-101
-100
-100
-100
-99
-100
-102
-104
-103
-105
-105
-106
-106
-105
-105
-105
-106
-105
-105
-105
-106
-105
-105
-105
-105
-106
-105
-104
-105
-105
-104
-105
-105
-104
-104
-104
-104
-104
-104
-105
-105
-105
-104
-104
-104
-104
-104
-104
-105
-104
-103
-104
-103
-104
-104
-103
-103
-104
-105
-105
-105
-106
-106
-106
-106
-107
-107
-106
-106
-105
-106
-106
-106
-106
-106
-106
-106
-107
-106
-106
-106
-106
-106
-106
-106
-106
-107
-105
-104
-105
-106
-106
-105
-105
-106
-107
-106
-105
-106
-107
-106
-106
-106
-107
-106
-106
-106
-106
-105
-105
-106
-106
-106
-105
-104
-105
-104
-104
-104
-104
-104
-105
-105
-105
-106
-105
-106
-107
-106
-106
-105
-105
-105
-104
-104
-104
-105
-106
-106
-106
-105
-106
-105
-105
-106
-107
-107
-106
-106
-106
-106
-106
-105
-106
-107
-106
-107
-107
-107
-106
-106
-105
-105
-105
-105
-104
-104
-104
-104
-104
-104
-104
-104
-105
-106
-105
-105
-106
-106
-105
-105
-105
-105
-103
-103
-102
-103
-103
-102
-103
-103
-104
-104
-105
-105
-106
-106
-105
-106
-107
-107
-105
-106
-107
-107
-103
-94
-87
-83
-78
-74
-78
-94
-114
-130
-135
-134
-130
-126
-122
-119
-116
-114
-111
-109
-106
-104
-105
-106
-106
-106
-106
-106
-105
-104
-105
-105
-105
-106
-106
-104
-105
-104
-104
-103
-100
-96
-99
-103
-107
-110
-111
-109
-110
-113
-113
-112
-108
-105
-105
-107
-109
-108
-108
-112
-116
-115
-111
-105
-101
-99
-102
-95
-83
-76
-82
-95
-105
-105
-106
-109
-108
-107
-108
-114
-121
-128
-126
-116
-109
-107
-100
-91
-77
-70
-74
-87
-102
-85
-62
-52
-64
-86
-110
-104
-98
-109
-119
-133
-138
-133
-116
-107
-125
-139
-152
-156
-138
-124
-112
-101
-100
-107
-118
-114
-90
-74
-71
-73
-78
-94
-121
-138
-151
-160
-153
-135
-127
-113
-88
-74
-82
-94
-93
-84
-97
-109
-107
-103
-111
-122
-143
-164
-153
-135
-126
-111
-83
-62
-67
-93
-107
-99
-82
-75
-94
-128
-158
-140
-110
-94
-88
-90
-106
-125
-110
-51
-18
-20
-35
-73
-84
-81
-94
-96
-97
-125
-171
-214
-226
-209
-165
-111
-87
-77
-68
-64
-59
-60
-59
-54
-52
-99
-157
-214
-239
-242
-188
-147
-131
-108
-63
-25
-31
-67
-104
-112
-118
-131
-142
-139
-111
-76
-95
-129
-159
-172
-153
-135
-126
-133
-123
-61
-44
-78
-118
-126
-101
-84
-111
-120
-140
-170
-191
-176
-142
-132
-136
-113
-70
-27
6
-13
-74
-125
-127
-134
-169
-190
-179
-159
-103
-62
-31
-23
-75
-90
-49
-54
-98
-116
-121
-132
-131
-125
-138
-164
-164
-168
-155
-127
-45
-5
-58
-81
-112
-143
-136
-104
-101
-92
-73
-78
-117
-155
-188
-150
-105
-114
-137
-122
-38
14
-27
-75
-111
-137
-174
-199
-211
-187
-84
-8
19
-2
-39
-88
-140
-158
-155
-144
-132
-105
-74
-97
-135
-152
-142
-129
-102
-74
-86
-85
-41
-9
-79
-134
-127
-94
-122
-138
-86
-72
-128
-159
-118
-85
-78
-121
-142
-108
-92
-110
-100
-77
-68
-91
-105
-82
-96
-123
-127
-136
-135
-136
-135
-111
-96
-74
-48
-54
-86
-67
-47
-75
-111
-140
-179
-169
-111
-97
-88
-64
-87
-95
-82
-97
-106
-86
-76
-117
-120
-113
-124
-120
-110
-105
-129
-113
-23
20
-35
-158
-217
-192
-83
-40
-53
-99
-159
-162
-143
-124
-113
-94
-64
-53
-81
-110
-78
-35
-68
-81
-71
-90
-104
-100
-107
-130
-143
-144
-161
-173
-147
-121
-93
-96
-85
-55
-48
-78
-84
-95
-139
-108
-17
0
-64
-161
-212
-175
-109
-73
-81
-112
-129
-101
-74
-48
-44
-78
-104
-116
-134
-137
-110
-97
-95
-67
-42
-50
-82
-120
-149
-160
-153
-133
-123
-102
-88
-77
-46
-41
-63
-72
-46
-66
-150
-192
-169
-109
-63
-70
-87
-118
-146
-133
-83
-51
-69
-109
-133
-125
-113
-107
-107
-76
-98
-125
-94
-24
-24
-64
-92
-110
-122
-130
-109
-100
-126
-157
-163
-107
-59
-59
-78
-89
-93
-78
-79
-78
-74
-108
-128
-143
-111
-56
-53
-89
-104
-101
-91
-52
-44
-110
-171
-184
-169
-139
-113
-84
-80
-93
-69
-47
-63
-126
-158
-145
-104
-87
-81
-99
-138
-129
-77
-28
-5
-40
-104
-143
-170
-180
-124
-27
18
1
-63
-141
-178
-163
-152
-136
-84
-75
-110
-133
-167
-188
-163
-92
-35
-12
-8
-25
-59
-97
-145
-178
-182
-166
-140
-123
-94
-81
-95
-89
-100
-95
-62
-67
-113
-149
-148
-131
-131
-140
-137
-119
-90
-52
-34
-71
-122
-148
-125
-67
-48
-90
-153
-154
-126
-105
-102
-115
-125
-138
-144
-108
-52
-8
2
-35
-25
-28
-80
-169
-221
-192
-133
-141
-176
-193
-177
-127
-112
-95
-54
-43
-75
-122
-146
-94
-50
-48
-102
-156
-174
-174
-170
-180
-181
-166
-125
-41
-24
-49
-59
-66
-92
-151
-161
-112
-50
-49
-100
-138
-179
-165
-169
-139
-70
-51
-92
-147
-181
-164
-75
-47
-114
-162
-144
-113
-113
-137
-155
-135
-119
-127
-57
15
-14
-123
-185
-156
-146
-169
-164
-130
-118
-111
-92
-85
-79
-75
-91
-128
-164
-150
-138
-130
-119
-101
-92
-59
-27
-65
-116
-158
-186
-184
-167
-152
-128
-121
-119
-104
-95
-50
32
30
-76
-167
-175
-111
-69
-140
-190
-161
-108
-127
-101
-80
-119
-129
-81
-36
-52
-92
-125
-99
-52
-61
-43
-1
-49
-123
-167
-181
-184
-197
-217
-167
-84
-17
-59
-149
-197
-210
-224
-197
-151
-101
-45
-36
-78
-25
-4
-90
-188
-228
-242
-206
-127
-74
-69
-60
-46
-55
-35
-5
-12
-104
-142
-176
-212
-117
-33
-72
-152
-186
-215
-182
-127
-69
-11
-5
-28
-59
-67
-57
-69
-64
-97
-138
-130
-139
-166
-120
-62
-59
-77
-74
-46
-40
-28
4
-12
-83
-187
-228
-217
-108
-110
-183
-138
-81
-44
-73
-131
-202
-211
-196
-175
-142
-127
-75
-48
-18
76
18
-114
-132
-152
-213
-197
-52
119
154
133
-17
-162
-218
-240
-249
-189
0
44
21
0
-1
5
-1
-146
-171
-128
-87
-90
12
20
-136
-209
-236
-247
-71
50
90
136
17
-140
-209
-172
28
155
142
24
-127
-190
-145
-202
-234
-246
-252
-148
-85
-154
-15
117
32
59
135
5
-154
-215
-239
-189
71
183
134
-75
-184
-226
-216
-13
129
152
87
-49
-174
-223
-216
-132
-97
-139
-193
-228
-197
-187
-193
-145
-66
-1
-39
-65
-141
-131
-71
-66
53
-10
-154
-163
-181
-199
-232
-215
-83
105
181
29
-76
-152
-214
-239
-242
-123
50
121
55
-93
-192
-229
-230
-223
-184
36
169
79
-38
-35
-31
-117
-191
-201
-101
-40
-75
-162
-217
-240
-249
-245
-121
57
119
190
134
-26
-159
-216
-239
-249
-186
43
106
-14
-157
-216
-236
-243
-239
-192
-85
101
121
32
7
-54
-59
-99
-179
-225
-243
-243
-65
115
141
24
-139
-209
-235
-183
-163
-195
-119
-60
-65
-47
-12
56
10
-95
-158
-88
-38
-94
-188
-228
-244
-189
26
77
18
-87
-177
3
141
49
-132
-206
-230
25
165
149
-89
-189
-229
-159
54
1
-127
-65
25
6
-118
-181
-226
-236
-53
86
36
-123
-203
-59
130
171
-66
-181
-225
-243
-188
-54
-20
-15
52
128
157
52
-132
-206
-235
-247
-252
-177
49
173
119
-11
-154
-214
-239
-175
-46
7
-51
-151
-108
85
187
129
-55
-176
-223
-242
-239
-155
-135
-154
-114
51
126
30
-49
-99
-71
-123
-191
-138
-63
28
13
-110
-199
-164
44
138
108
-51
-175
-223
-242
-191
44
129
47
-124
-194
-140
-85
11
-68
-156
-178
-120
-58
61
18
-93
-184
-227
-244
-231
-132
-51
39
164
187
-7
-157
-216
-149
-148
-214
-239
-249
-191
-127
35
165
107
-11
-107
-88
-46
-105
-60
-66
-117
-145
-187
-90
-79
-159
-218
-240
-214
-38
68
83
-38
-118
-104
57
122
-31
-168
-220
-241
-249
-251
-147
-12
-17
-59
-11
21
60
144
211
115
-105
-195
-231
-245
-251
-113
-19
-45
-95
-61
-52
-140
-129
37
104
-35
-138
-101
-2
137
150
-48
-174
-222
-242
-250
-147
-6
-84
-189
-229
-245
-144
94
192
229
-11
-158
-216
-239
-165
-43
-21
-75
-59
-59
-64
-162
-189
-191
-226
-243
-201
28
157
93
-58
-133
-110
-81
-159
-210
-221
-228
-219
-183
-106
-10
135
107
-24
-151
-164
-178
-194
-148
-91
-97
-166
-218
-175
-10
8
-75
-113
-144
-210
-139
8
39
-46
-158
-214
-224
-180
-92
67
109
41
-25
-108
-195
-231
-135
27
-6
-110
-198
-232
-237
-143
-69
-44
12
141
183
9
-145
-211
-190
-191
-227
-233
-127
-45
-82
-178
-224
-190
-90
14
132
114
23
-59
-124
-163
-197
-229
-244
-201
-111
-129
-198
-230
-209
-161
5
157
165
-20
-100
-126
-178
-178
-130
-136
-110
-129
-137
-126
-157
-214
-211
-150
-107
-84
-64
96
193
65
-130
-205
-235
-153
-22
40
-60
-179
-225
-242
-213
-196
-173
-65
21
35
42
42
-34
-131
-179
-171
-117
-44
-49
-173
-222
-242
-245
-157
-70
-18
2
101
136
47
-42
-53
-123
-202
-234
-243
-214
-188
-144
-101
-60
-44
-109
-159
-137
-90
24
130
64
-56
-125
-144
-173
-221
-241
-238
-166
-37
-1
-70
-95
-51
-28
-18
-101
-165
-191
-179
-107
-10
-50
-171
-222
-229
-173
-109
-39
111
189
84
-113
-166
-132
-138
-207
-236
-247
-248
-245
-172
-92
-63
-35
-35
4
61
-38
-152
-186
-204
-150
-60
1
-46
-169
-211
-134
-36
36
-61
-113
-32
-21
-149
-213
-235
-209
-153
-97
-87
-90
-109
-136
-114
3
117
24
-138
-208
-178
-137
-134
-155
-152
-137
-121
-87
-43
-4
10
-43
-131
-193
-224
-223
-159
-86
-60
-83
-111
-132
-116
-95
-90
-73
-7
-18
-81
-128
-144
-148
-151
-102
-63
-99
-136
-155
-156
-145
-98
-37
-26
-15
43
25
-91
-192
-230
-218
-131
-58
-75
-135
-158
-160
-148
-116
-105
-68
13
93
24
-120
-189
-166
-150
-131
-123
-185
-221
-186
-128
-30
-26
-84
-93
-76
-49
-36
-35
-67
-129
-182
-216
-184
-146
-145
-106
-78
-62
-58
-59
-77
-120
-165
-148
-96
-54
-83
-132
-148
-135
-79
-75
-147
-165
-147
-132
-116
-93
-44
-27
-84
-136
-166
-124
-58
-69
-88
-88
-67
-59
-108
-156
-171
-188
-155
-98
-77
-83
-89
-78
-80
-98
-116
-121
-130
-131
-124
-115
-89
-61
-39
-45
-97
-130
-131
-146
-160
-134
-73
-25
-46
-110
-154
-118
-147
-157
-161
-168
-141
-85
-19
2
-4
-22
-95
-155
-166
-145
-122
-139
-133
-121
-112
-61
-50
-122
-171
-143
-90
-82
-104
-92
-73
-58
-41
-83
-104
-89
-104
-107
-101
-126
-171
-171
-170
-157
-119
-86
-81
-60
18
64
-24
-144
-194
-173
-153
-153
-136
-111
-112
-128
-100
-80
-80
-46
-25
-21
-46
-62
-80
-139
-209
-206
-172
-174
-162
-130
-107
-108
-119
-113
-100
-89
-38
2
21
0
-70
-143
-159
-151
-135
-144
-134
-142
-155
-158
-128
-75
-56
-74
-85
-95
-84
-91
-124
-148
-136
-99
-77
-115
-143
-112
-79
-86
-93
-71
-72
-94
-126
-136
-122
-105
-110
-143
-149
-133
-112
-109
-120
-116
-104
-91
-86
-68
-29
-31
-100
-128
-153
-166
-136
-123
-140
-147
-129
-116
-70
-21
-27
-65
-93
-105
-79
-63
-78
-133
-169
-173
-155
-138
-124
-82
-59
-91
-146
-127
-64
23
35
-77
-184
-220
-183
-155
-159
-143
-107
-72
-30
-58
-102
-117
-136
-156
-132
-116
-111
-110
-133
-152
-121
-65
-17
-13
-94
-153
-159
-139
-110
-84
-61
-46
-44
-77
-122
-151
-145
-114
-101
-60
-43
-93
-140
-157
-153
-146
-150
-120
-50
-47
-81
-82
-75
-102
-144
-122
-90
-91
-106
-115
-139
-152
-129
-119
-115
-109
-96
-44
-13
-52
-79
-97
-111
-130
-134
-93
-116
-135
-142
-138
-120
-121
-150
-148
-123
-121
-106
-45
-36
-31
-38
-101
-126
-87
-70
-92
-137
-164
-201
-182
-151
-132
-87
-76
-81
-84
-99
-87
-48
-5
-43
-110
-152
-148
-115
-67
-81
-155
-156
-150
-147
-126
-109
-116
-132
-125
-103
-93
-81
-72
-23
-16
-75
-109
-116
-137
-151
-116
-74
-107
-175
-171
-139
-136
-113
-89
-70
-36
-29
-62
-93
-96
-149
-148
-87
-75
-86
-81
-100
-146
-176
-187
-152
-104
-88
-111
-104
-39
6
-8
-68
-134
-152
-145
-125
-119
-156
-172
-142
-90
-98
-130
-103
-66
-46
-21
-34
-104
-119
-105
-111
-140
-146
-140
-164
-143
-89
-91
-62
-3
-41
-139
-185
-158
-104
-72
-88
-109
-117
-152
-163
-160
-133
-85
-40
-22
-31
-88
-139
-127
-154
-167
-123
-73
-74
-106
-89
-77
-128
-121
-104
-151
-148
-109
-72
-80
-116
-139
-134
-133
-114
-72
-60
-83
-95
-77
-66
-125
-176
-167
-113
-78
-94
-113
-121
-112
-90
-85
-75
-54
-48
-95
-149
-168
-138
-89
-85
-96
-144
-166
-131
-98
-102
-127
-112
-57
-44
-67
-73
-93
-131
-128
-109
-104
-141
-157
-147
-114
-51
-38
-82
-122
-148
-147
-107
-67
-80
-97
-109
-109
-101
-123
-162
-174
-152
-102
-52
-31
-21
-38
-83
-130
-164
-166
-136
-96
-74
-70
-103
-143
-141
-106
-35
-5
-58
-148
-203
-191
-159
-114
-88
-81
-66
-73
-85
-119
-137
-103
-34
-44
-127
-164
-168
-157
-105
-51
-76
-118
-137
-150
-146
-128
-104
-84
-60
-70
-129
-152
-121
-86
-77
-58
-49
-64
-68
-107
-129
-132
-155
-168
-165
-150
-136
-113
-86
-95
-120
-105
-73
-58
-54
-27
-46
-102
-116
-110
-127
-157
-144
-114
-110
-121
-131
-157
-188
-178
-111
-45
16
0
-76
-132
-148
-122
-83
-63
-68
-85
-115
-125
-145
-181
-175
-161
-128
-105
-86
-38
-12
-46
-100
-129
-126
-112
-75
-64
-102
-139
-121
-114
-129
-149
-167
-161
-131
-82
-32
-1
-17
-96
-150
-152
-155
-136
-80
-44
-98
-152
-163
-151
-128
-117
-103
-77
-88
-109
-101
-95
-79
-29
2
-36
-101
-152
-184
-193
-193
-176
-144
-96
-67
-31
-10
-54
-122
-199
-202
-127
-57
6
-18
-84
-150
-167
-127
-84
-94
-138
-171
-155
-130
-119
-91
-74
-57
-26
-40
-96
-118
-121
-146
-150
-122
-84
-87
-99
-118
-136
-138
-132
-130
-110
-88
-60
-4
-8
-74
-126
-136
-150
-157
-132
-124
-130
-135
-139
-152
-147
-129
-105
-72
-56
-52
-37
-74
-121
-138
-141
-143
-137
-123
-127
-138
-112
-78
-68
-64
-65
-53
-84
-142
-140
-104
-96
-79
-94
-128
-182
-178
-147
-126
-107
-84
-82
-106
-125
-109
-87
-76
-77
-102
-118
-114
-93
-87
-103
-114
-109
-103
-94
-72
-63
-55
-63
-83
-96
-108
-128
-152
-153
-129
-84
-78
-110
-112
-115
-126
-115
-80
-74
-69
-80
-100
-132
-130
-107
-113
-88
-65
-76
-104
-146
-146
-136
-111
-103
-129
-135
-114
-81
-74
-81
-79
-69
-20
-45
-121
-167
-183
-128
-53
-60
-137
-178
-170
-133
-103
-98
-119
-124
-95
-83
-93
-100
-106
-105
-88
-62
-34
-60
-133
-150
-126
-127
-106
-76
-80
-133
-146
-142
-117
-107
-111
-96
-90
-114
-112
-74
-85
-105
-82
-59
-61
-73
-69
-88
-123
-150
-195
-218
-187
-140
-71
-34
-31
-67
-85
-92
-104
-100
-76
-98
-152
-188
-180
-132
-117
-95
-119
-108
-95
-98
-82
-85
-97
-101
-104
-39
9
-46
-145
-187
-179
-155
-150
-129
-131
-142
-129
-111
-127
-142
-133
-101
-87
-50
3
26
-12
-101
-172
-176
-139
-143
-148
-141
-123
-106
-114
-141
-148
-140
-121
-92
-69
-43
-19
-68
-126
-127
-112
-66
-36
-58
-76
-154
-207
-178
-135
-104
-74
-54
-90
-135
-145
-120
-74
-12
-31
-91
-122
-148
-158
-151
-112
-85
-97
-110
-76
-82
-90
-38
23
33
-33
-103
-151
-102
-92
-115
-184
-226
-220
-174
-129
-93
-66
-33
-29
-79
-122
-132
-102
-66
-60
-103
-135
-134
-60
-55
-126
-168
-184
-183
-161
-114
-74
-59
-64
-55
-52
-114
-134
-75
-68
-137
-152
-152
-151
-124
-99
-129
-167
-158
-115
-56
9
2
-46
-72
-68
-101
-144
-159
-110
-131
-160
-159
-154
-145
-132
-75
8
-3
-8
0
-49
-112
-118
-109
-142
-166
-192
-213
-199
-172
-144
-81
-35
-42
9
118
122
-47
-162
-191
-229
-177
-152
-176
-212
-201
-180
-132
-64
-41
-48
-23
31
133
141
114
-47
-173
-223
-242
-249
-253
-254
-233
-181
-124
-67
-50
-52
-6
106
179
51
-104
-176
-223
-242
-217
-190
-228
-206
-171
-153
-138
-128
-106
-26
121
202
210
20
-139
-207
-209
-191
-169
-207
-235
-234
-223
-190
-146
-75
4
61
52
3
-54
-120
-110
-165
-181
-120
-71
-142
-212
-202
-165
-159
-123
-90
-88
-48
58
126
37
-102
-133
-145
-164
-169
-150
-202
-233
-243
-193
-61
10
118
135
-24
-163
-219
-164
-109
-124
-85
-109
-124
-134
-166
-186
-211
-205
-161
-87
22
95
49
-9
-131
-198
-229
-183
-121
-73
-112
-128
-130
-175
-211
-197
-141
-145
-45
126
204
112
-32
-22
-57
-158
-216
-239
-246
-251
-254
-230
-194
-116
50
167
97
-92
-158
-191
-134
-2
31
-22
-86
-129
-142
-164
-185
-224
-242
-250
-226
-155
-101
22
107
118
99
77
-36
-142
-190
-158
-204
-225
-188
-198
-232
-236
-227
-173
-70
61
103
99
42
-5
-103
-190
-229
-244
-250
-215
-183
-124
-26
-18
-86
-132
-121
-65
-88
-112
-95
-54
-3
-19
-102
-126
-84
-43
-66
-107
-147
-169
-209
-237
-248
-228
-172
-85
-32
-18
40
126
69
-66
-159
-181
-148
-96
-51
-102
-156
-212
-238
-248
-100
114
157
-12
-144
-193
-188
-181
-108
-51
-68
-92
-140
-205
-205
-177
-105
-34
-57
-129
-119
-125
-135
-129
-123
-62
-25
50
50
-125
-204
-235
-247
-206
-94
-21
2
0
-8
-57
-113
-166
-216
-187
-87
-7
-80
-109
-60
-46
-8
-6
-76
-180
-226
-236
-208
-150
-41
3
-17
-79
-94
-120
-73
-27
-105
-171
-150
-136
-38
3
-11
-66
-141
-203
-234
-176
-71
-50
-112
-197
-232
-165
-46
17
-20
-113
-106
-31
-10
-76
-92
-95
-137
-155
-196
-177
-64
-25
12
-41
-143
-211
-238
-215
-113
-74
-62
10
38
-13
-83
-113
-133
-171
-118
-43
-38
-95
-170
-221
-241
-237
-132
-47
-56
-144
-156
-120
-32
134
96
-23
-127
-194
-162
-129
-163
-150
-121
-123
-158
-208
-221
-154
-103
-90
-22
26
12
-57
-119
-127
-97
-118
-145
-165
-181
-102
-84
-104
-69
-49
-76
-146
-139
-91
-70
-13
-38
-172
-210
-136
-73
-83
-149
-159
-76
-8
9
-5
-45
-115
-155
-148
-64
68
110
23
-109
-197
-193
-60
-32
-147
-213
-239
-248
-186
-26
126
189
46
-134
-207
-236
-174
-6
42
-2
-124
-204
-219
-126
-58
-54
-87
-69
-46
-142
-200
-202
-152
-81
1
-26
-96
-188
-203
-100
-11
4
-27
-31
-50
-66
-79
-153
-177
-220
-230
-114
-48
-37
-93
-152
-144
-158
-178
-141
-35
137
204
47
-134
-207
-196
-111
-17
-4
-101
-194
-231
-228
-170
-75
-103
-130
-81
-26
-59
-160
-218
-239
-200
-156
-117
-95
-91
-79
-66
-74
-95
-106
-102
-90
-84
-96
-99
-89
-85
-99
-96
-72
-65
-66
-70
-79
-90
-104
-116
-125
-130
-129
-124
-118
-112
-107
-103
-99
-97
-95
-98
-98
-97
-92
-89
-87
-87
-93
-99
-102
-102
-101
-100
-101
-101
-99
-98
-99
-99
-99
-99
-100
-100
-99
-99
-99
-99
-99
-98
-99
-100
-100
-101
-102
-102
-102
-102
-102
-104
-103
-102
-102
-103
-101
-101
-102
-104
-104
-104
-104
-104
-104
-104
-104
-104
-105
-105
-105
-105
-105
-104
-104
-105
-106
-106
-105
-105
-106
-107
-106
-107
-107
-108
-108
-109
-109
-110
-110
-110
-111
-111
-110
-109
-109
-110
-110
-110
-110
-110
-110
-109
-109
-110
-110
-109
-109
-110
-111
-111
-111
-111
-111
-112
-112
-112
-112
-112
-111
-111
-112
-112
-112
-111
-112
-112
-112
-112
-112
-112
-111
-109
-110
-110
-110
-110
-110
-111
-111
-111
-112
-112
-112
-110
-111
-112
-111
-111
-112
-112
-112
-112
-112
-111
-110
-110
-110
-110
-111
-111
-110
-111
-110
-110
-111
-111
-110
-110
-111
-111
-111
-111
-111
-111
-111
-111
-112
-112
-112
-111
-111
-110
-110
-111
-110
-110
-110
-110
-110
-110
-110
-110
-110
-110
-111
-110
-110
-111
-112
-112
-111
-110
-109
-109
-109
-109
-109
-109
-108
-108
-108
-108
-108
-107
-108
-108
-108
-108
-108
-109
-109
-110
-109
-109
-110
-108
-108
-107
-108
-107
-107
-107
-108
-107
-107
-107
-108
-108
-108
-107
-107
-107
-107
-107
-108
-108
-108
-108
-108
-108
-108
-108
-108
-108
-108
-107
-107
-108
-108
-107
-107
-108
-109
-110
-109
-109
-108
-108
-107
-108
-107
-106
-106
-107
-108
-108
-107
-107
-106
-107
-108
-107
-107
-106
-107
-107
-107
-107
-107
-106
-107
-108
-108
-108
-106
-107
-106
-105
-104
-103
-103
-104
-105
-106
-105
-104
-106
-107
-108
-107
-108
-109
-108
-108
-107
-107
-108
-108
-109
-109
-108
-107
-107
-107
-107
-107
-106
-107
-106
-105
-105
-105
-106
-107
-106
-107
-108
-108
-107
-107
-108
