-10844
-108
-107
-107
-107
-107
-106
-106
-107
-106
-106
-105
-106
-106
-106
-105
-105
-104
-104
-104
-104
-105
-105
-106
-105
-105
-105
-105
-105
-106
-106
-107
-107
-106
-107
-107
-106
-105
-105
-106
-106
-106
-107
-107
-107
-106
-107
-108
-107
-107
-107
-106
-105
-106
-106
-105
-105
-105
-106
-106
-106
-106
-106
-106
-105
-105
-106
-107
-107
-107
-105
-105
-105
-105
-105
-105
-104
-104
-105
-104
-105
-104
-104
-104
-104
-105
-105
-105
-105
-104
-104
-104
-105
-105
-105
-105
-105
-106
-106
-106
-105
-104
-104
-105
-104
-105
-105
-104
-105
-105
-105
-104
-104
-104
-105
-104
-104
-105
-105
-104
-104
-104
-103
-102
-102
-101
-100
-101
-102
-104
-106
-106
-105
-106
-107
-108
-107
-106
-107
-107
-107
-106
-107
-106
-105
-105
-105
-105
-105
-104
-104
-104
-104
-103
-103
-104
-104
-106
-106
-106
-106
-106
-105
-106
-107
-107
-107
-108
-107
-106
-106
-106
-106
-105
-105
-105
-105
-105
-105
-105
-106
-106
-106
-106
-105
-105
-105
-104
-103
-103
-103
-103
-104
-104
-105
-105
-107
-107
-105
-105
-106
-107
-107
-106
-106
-106
-106
-104
-104
-105
-105
-105
-105
-105
-105
-105
-106
-106
-105
-105
-105
-107
-107
-106
-106
-106
-106
-105
-105
-105
-105
-105
-106
-105
-106
-105
-104
-104
-105
-105
-105
-105
-105
-105
-105
-105
-106
-106
-106
-105
-105
-105
-105
-105
-106
-106
-105
-105
-105
-105
-105
-104
-104
-105
-105
-104
-104
-103
-105
-105
-105
-106
-106
-106
-106
-105
-105
-105
-105
-106
-107
-107
-106
-106
-106
-107
-106
-106
-106
-106
-106
-106
-106
-106
-105
-104
-104
-104
-105
-106
-105
-105
-106
-105
-106
-106
-106
-106
-106
-106
-105
-104
-104
-104
-103
-102
-101
-102
-102
-102
-103
-104
-105
-105
-105
-105
-106
-107
-108
-107
-107
-106
-107
-107
-107
-107
-106
-105
-105
-105
-105
-104
-104
-105
-105
-105
-106
-106
-105
-105
-106
-106
-105
-104
-105
-105
-105
-105
-105
-107
-107
-106
-106
-107
-107
-106
-106
-105
-106
-106
-106
-106
-106
-105
-105
-106
-106
-105
-105
-105
-105
-105
-104
-104
-104
-105
-106
-106
-106
-105
-106
-107
-107
-107
-106
-106
-105
-104
-105
-105
-105
-106
-106
-105
-105
-105
-106
-107
-107
-107
-106
-106
-107
-107
-106
-106
-105
-105
-105
-106
-106
-105
-106
-105
-105
-103
-104
-105
-104
-104
-105
-105
-104
-104
-105
-107
-107
-107
-108
-107
-106
-106
-107
-107
-107
-106
-106
-106
-107
-106
-106
-106
-107
-107
-107
-106
-106
-104
-104
-105
-106
-105
-106
-106
-106
-105
-104
-105
-105
-106
-106
-105
-105
-106
-107
-108
-108
-107
-106
-106
-106
-106
-105
-106
-105
-106
-107
-108
-107
-105
-105
-106
-106
-106
-105
-105
-105
-105
-105
-105
-105
-106
-106
-106
-106
-106
-105
-105
-105
-105
-105
-104
-104
-103
-102
-101
-101
-102
-103
-104
-104
-106
-106
-108
-108
-108
-107
-107
-107
-107
-107
-108
-107
-107
-106
-106
-105
-106
-107
-107
-106
-106
-106
-106
-106
-107
-106
-107
-108
-108
-107
-107
-106
-106
-107
-107
-106
-106
-107
-106
-107
-108
-107
-106
-106
-106
-105
-105
-105
-105
-106
-107
-107
-106
-106
-105
-106
-105
-104
-104
-104
-105
-104
-104
-104
-104
-104
-105
-105
-105
-105
-105
-107
-108
-108
-107
-107
-107
-107
-107
-107
-107
-106
-106
-106
-107
-107
-106
-106
-106
-107
-106
-105
-105
-105
-104
-105
-106
-106
-105
-105
-106
-107
-107
-106
-105
-105
-107
-107
-106
-105
-105
-106
-106
-106
-106
-107
-107
-107
-107
-106
-106
-107
-107
-106
-106
-106
-106
-107
-107
-107
-108
-108
-107
-106
-104
-105
-104
-106
-107
-109
-111
-112
-110
-107
-104
-105
-107
-107
-102
-93
-81
-66
-50
-48
-68
-91
-111
-112
-115
-117
-118
-120
-118
-114
-105
-96
-88
-104
-128
-149
-153
-140
-115
-103
-102
-112
-121
-113
-104
-98
-88
-82
-89
-90
-90
-85
-88
-107
-117
-116
-121
-124
-117
-119
-117
-111
-120
-126
-125
-118
-108
-100
-88
-82
-85
-95
-107
-104
-99
-99
-94
-95
-91
-83
-104
-131
-136
-127
-115
-101
-101
-116
-136
-138
-125
-114
-101
-88
-82
-75
-69
-66
-78
-114
-146
-147
-123
-123
-140
-125
-102
-93
-104
-117
-117
-107
-92
-63
-38
-55
-106
-137
-133
-119
-107
-99
-119
-135
-121
-101
-93
-91
-84
-81
-103
-132
-137
-124
-95
-80
-72
-73
-99
-131
-140
-123
-96
-88
-87
-107
-130
-130
-109
-90
-81
-81
-95
-107
-111
-107
-83
-64
-89
-129
-142
-135
-113
-82
-95
-145
-164
-150
-114
-77
-42
-33
-73
-108
-104
-101
-128
-147
-146
-140
-134
-116
-77
-62
-82
-96
-84
-82
-89
-80
-86
-114
-142
-126
-106
-119
-138
-155
-136
-90
-82
-109
-114
-80
-64
-94
-94
-93
-111
-121
-107
-81
-82
-102
-106
-108
-110
-108
-111
-98
-77
-75
-100
-136
-154
-148
-131
-120
-114
-115
-113
-99
-94
-89
-81
-103
-115
-110
-87
-49
-62
-109
-122
-109
-105
-123
-142
-138
-115
-92
-88
-87
-73
-44
-61
-106
-136
-133
-129
-134
-123
-103
-99
-119
-110
-79
-80
-91
-94
-103
-95
-98
-105
-88
-56
-64
-120
-156
-140
-119
-119
-130
-135
-134
-114
-90
-66
-41
-37
-62
-103
-144
-139
-106
-77
-97
-137
-149
-128
-100
-93
-75
-53
-55
-64
-84
-96
-134
-183
-175
-146
-122
-107
-125
-130
-107
-82
-97
-107
-91
-95
-86
-80
-89
-101
-100
-106
-131
-127
-102
-96
-119
-139
-160
-131
-71
-41
-62
-107
-127
-130
-137
-144
-129
-98
-91
-94
-101
-129
-127
-97
-75
-101
-112
-90
-104
-120
-129
-109
-81
-90
-125
-138
-108
-90
-109
-123
-118
-95
-85
-94
-105
-90
-54
-47
-89
-131
-148
-135
-112
-93
-82
-87
-95
-118
-142
-138
-120
-107
-110
-122
-111
-86
-49
-45
-78
-112
-118
-125
-132
-124
-109
-92
-96
-107
-96
-104
-117
-109
-90
-74
-68
-107
-150
-136
-105
-109
-108
-80
-66
-71
-77
-107
-160
-183
-157
-118
-101
-111
-104
-90
-104
-95
-61
-50
-74
-109
-133
-110
-100
-115
-131
-132
-127
-110
-92
-94
-99
-85
-65
-60
-83
-116
-141
-138
-116
-105
-117
-129
-118
-102
-111
-120
-124
-130
-126
-101
-82
-78
-79
-96
-111
-107
-93
-84
-86
-105
-138
-118
-96
-84
-82
-124
-171
-137
-62
-43
-76
-106
-126
-153
-169
-154
-115
-96
-89
-79
-74
-77
-94
-88
-77
-91
-114
-128
-119
-96
-104
-144
-155
-146
-111
-66
-50
-78
-122
-166
-172
-158
-116
-83
-89
-77
-59
-72
-95
-97
-77
-76
-101
-118
-125
-138
-138
-131
-136
-148
-136
-106
-87
-90
-85
-73
-85
-131
-134
-91
-51
-58
-113
-155
-150
-130
-115
-102
-119
-145
-131
-83
-82
-97
-88
-86
-108
-125
-120
-111
-105
-79
-65
-54
-41
-85
-153
-174
-137
-105
-100
-84
-83
-96
-115
-133
-112
-102
-116
-128
-132
-113
-100
-97
-106
-98
-77
-78
-74
-74
-94
-108
-101
-100
-126
-151
-159
-146
-107
-85
-100
-113
-107
-95
-95
-89
-79
-62
-53
-87
-134
-138
-135
-134
-140
-133
-135
-118
-85
-76
-81
-87
-98
-101
-105
-122
-134
-113
-94
-100
-118
-120
-89
-65
-68
-90
-106
-104
-104
-113
-118
-117
-102
-98
-73
-61
-105
-148
-155
-144
-136
-132
-117
-95
-73
-69
-73
-86
-104
-128
-145
-105
-27
-25
-84
-123
-135
-129
-116
-117
-123
-131
-137
-129
-105
-106
-110
-85
-61
-56
-99
-149
-140
-107
-80
-80
-105
-129
-151
-159
-142
-103
-82
-83
-96
-85
-63
-84
-148
-166
-123
-60
-18
-55
-116
-144
-131
-114
-132
-143
-110
-90
-100
-72
-56
-65
-71
-105
-144
-130
-116
-112
-107
-115
-103
-106
-123
-115
-98
-106
-123
-118
-100
-111
-127
-115
-90
-86
-77
-71
-61
-47
-79
-136
-172
-155
-138
-115
-93
-108
-118
-113
-110
-105
-68
-60
-100
-128
-108
-97
-116
-111
-89
-80
-75
-86
-123
-128
-123
-143
-145
-125
-90
-61
-82
-110
-119
-122
-151
-157
-91
-9
13
-28
-89
-159
-191
-182
-121
-100
-123
-145
-170
-147
-78
-44
-59
-73
-59
-56
-72
-120
-145
-147
-138
-99
-99
-120
-126
-86
-49
-71
-87
-107
-142
-141
-112
-96
-100
-104
-108
-130
-112
-76
-83
-108
-104
-116
-146
-159
-125
-83
-90
-84
-48
-38
-68
-112
-116
-109
-117
-147
-130
-78
-72
-90
-114
-138
-166
-148
-75
-59
-86
-65
-74
-104
-127
-137
-127
-108
-127
-139
-145
-164
-138
-51
-3
-17
-54
-104
-163
-150
-91
-99
-132
-100
-88
-100
-105
-85
-84
-117
-121
-81
-55
-108
-155
-151
-154
-143
-108
-105
-86
-51
-52
-66
-85
-116
-149
-170
-155
-140
-132
-102
-56
-27
-52
-50
-23
-61
-108
-110
-127
-169
-200
-154
-91
-69
-82
-89
-68
-65
-105
-118
-101
-109
-116
-121
-127
-89
-62
-62
-103
-163
-213
-203
-150
-108
-36
45
-17
-96
-128
-123
-88
-116
-174
-166
-120
-95
-90
-71
-60
-106
-159
-144
-47
-41
-93
-89
-53
-63
-132
-153
-60
-60
-153
-215
-236
-181
-89
-39
-20
-17
-96
-161
-116
-84
-131
-176
-162
-53
55
65
-76
-186
-228
-218
-166
-162
-148
-80
14
44
-33
-120
-129
-180
-188
-165
-104
14
69
-15
-159
-217
-219
-147
-85
-61
-81
-85
-98
-120
-67
29
58
5
-125
-202
-216
-239
-248
-227
-77
42
8
-72
-103
-116
8
68
-78
-187
-228
-229
-212
-140
-43
52
105
66
-63
-180
-225
-220
-49
-25
-146
-213
-204
-91
11
20
-81
-150
-138
-114
-98
-21
39
81
-4
-116
13
132
16
-143
-210
-237
-248
-222
-159
-153
-212
-232
-158
24
119
91
-21
-160
-217
-240
-249
-134
36
115
84
-108
-197
-232
-246
-199
25
165
206
2
-154
-214
-218
-118
-106
-73
-41
-72
-174
-223
-242
-216
-58
68
135
208
177
-50
-174
-222
-242
-250
-167
-104
-180
-193
-87
89
190
140
-34
-152
-214
-195
-107
-18
15
53
-12
-24
-22
2
-123
-203
-234
-247
-251
-140
-13
-8
59
178
207
101
-31
-87
-169
-220
-241
-249
-252
-177
-103
-138
-206
-204
-89
96
193
229
83
-122
-202
-234
-246
-142
9
5
28
5
-65
-51
-63
-163
-211
-150
-32
-5
-105
-198
-232
-217
-100
13
39
-50
-106
-78
-146
-212
-198
-51
132
147
18
-143
-210
-237
-246
-208
-172
-139
-19
86
25
-53
-76
-50
32
37
-104
-196
-217
-182
-213
-238
-239
-161
-32
83
107
74
126
1
-154
-215
-233
-150
-82
-55
-148
-213
-233
-189
-145
-104
-16
39
41
46
19
-69
-183
-214
-222
-235
-214
-106
-36
-81
-129
-83
-54
-81
-116
-108
-121
-163
-195
-128
-43
-66
-55
25
9
-125
-204
-164
-97
-98
-148
-184
-169
-96
-13
52
-22
-70
14
71
-41
-173
-222
-242
-235
-173
-134
-90
-38
5
12
8
-14
29
42
-49
-149
-183
-192
-220
-242
-240
-198
-170
-152
-120
-76
-15
87
187
227
188
-9
-158
-216
-239
-240
-169
-151
-170
-184
-200
-204
-134
66
181
225
167
-8
-109
-196
-231
-245
-251
-254
-254
-226
-173
-113
-138
-138
2
154
166
50
-70
-178
-224
-213
-150
-150
-132
-134
-146
-151
-160
-176
-79
72
149
56
-49
-160
-174
-144
-157
-192
-219
-192
-153
-100
-53
-38
-7
33
44
-3
-69
-63
-112
-185
-227
-243
-210
-164
-131
-114
-111
-110
-52
74
166
86
-74
-157
-172
-147
-142
-137
-204
-224
-187
-168
-155
-152
-134
-82
-27
-6
22
94
41
-47
-54
-12
-86
-177
-224
-222
-229
-210
-173
-132
-101
-94
-100
-97
-68
48
172
130
-61
-178
-224
-219
-161
-112
-149
-182
-164
-146
-135
-76
-41
-48
-23
77
106
-29
-167
-191
-171
-214
-202
-150
-105
-69
-90
-146
-140
-75
-35
-39
0
74
35
-106
-197
-232
-224
-169
-94
-51
-66
-101
-58
-20
-77
-158
-126
-68
-78
-119
-120
-137
-169
-179
-166
-137
-88
11
34
23
-1
-17
-70
-128
-202
-232
-201
-160
-152
-150
-154
-144
-136
-128
-123
-97
-7
80
80
-20
-129
-141
-53
-57
-115
-190
-227
-210
-179
-155
-139
-132
-115
-99
-44
43
66
-14
-92
-148
-176
-145
-114
-135
-147
-181
-178
-139
-82
-23
-23
-53
-113
-112
-1
73
24
-80
-95
-148
-213
-238
-222
-188
-147
-144
-148
-129
-109
-69
31
121
90
-60
-179
-225
-209
-121
-107
-169
-179
-151
-122
-85
-20
-62
-135
-137
-121
-101
-102
-122
-92
-69
-82
-118
-135
-96
-91
-120
-111
-75
-73
-84
-96
-152
-174
-155
-123
-89
-92
-97
-120
-146
-121
-36
10
12
-57
-161
-193
-170
-133
-149
-163
-168
-169
-150
-96
-26
-10
-46
13
-2
-88
-101
-76
-164
-205
-214
-199
-178
-158
-151
-145
-112
-47
30
120
54
-69
-150
-213
-205
-121
-105
-113
-114
-164
-189
-163
-130
-104
-107
-106
-57
-20
-12
-90
-131
-154
-151
-62
-71
-143
-170
-153
-136
-128
-96
-81
-106
-71
-65
-54
-71
-75
-45
-160
-173
-139
-105
-124
-152
-140
-142
-147
-110
-111
-100
-124
-181
-101
20
43
-27
-130
-190
-161
-110
-104
-155
-181
-132
-96
-164
-147
-94
-51
-35
-65
-127
-143
-152
-184
-183
-137
-76
-41
-86
-132
-76
-35
-108
-106
-88
-34
-29
-153
-213
-200
-151
-79
-97
-152
-137
-135
-134
-105
-45
23
26
-87
-178
-184
-138
-80
-105
-150
-190
-199
-163
-124
-119
-139
-130
-94
-24
35
-16
-99
-125
-117
-81
-103
-152
-169
-171
-120
-103
-105
-104
-124
-142
-135
-55
-21
-65
-107
-144
-132
-92
-61
-94
-144
-155
-157
-159
-146
-106
-20
-40
-103
-123
-135
-112
-96
-117
-110
-132
-129
-107
-102
-123
-113
-88
-26
-48
-144
-145
-103
-63
-88
-157
-182
-179
-139
-123
-125
-119
-103
-71
-77
-39
-12
0
25
-11
-90
-176
-224
-228
-176
-125
-106
-141
-158
-139
-101
-83
-116
-148
-95
-41
-80
-81
-68
-83
-85
-105
-130
-131
-118
-130
-130
-136
-112
-66
-112
-171
-161
-129
-109
-61
6
6
-74
-108
-100
-116
-115
-116
-169
-155
-107
-86
-77
-84
-141
-166
-131
-158
-168
-120
-111
-102
-62
-49
-73
-118
-148
-120
-76
-56
-112
-133
-131
-124
-97
-95
-140
-122
-79
-68
-73
-91
-95
-126
-176
-174
-142
-106
-71
-80
-97
-128
-119
-88
-110
-143
-141
-128
-100
-84
-88
-44
-13
-34
-14
-105
-198
-223
-185
-141
-111
-109
-126
-136
-128
-94
-61
-101
-130
-130
-83
14
49
-99
-186
-187
-181
-168
-137
-128
-113
-94
-95
-92
-57
-31
-53
-75
-90
-74
-70
-132
-162
-152
-170
-148
-116
-114
-109
-101
-76
-111
-151
-134
-105
-82
-42
-81
-106
-124
-144
-134
-114
-83
-61
-85
-99
-106
-123
-133
-141
-118
-67
-70
-131
-147
-134
-115
-116
-86
-53
-91
-117
-127
-122
-88
-72
-108
-115
-104
-93
-120
-122
-86
-23
-30
-113
-142
-173
-176
-156
-111
-51
-79
-133
-143
-133
-111
-71
-9
38
-20
-124
-198
-199
-171
-127
-120
-139
-137
-118
-87
-48
-56
-94
-115
-119
-69
-12
-85
-151
-172
-161
-148
-121
-110
-110
-103
-104
-115
-103
-88
-127
-122
-109
-64
-80
-114
-137
-123
-89
-75
-58
-52
-74
-125
-113
-106
-173
-179
-142
-80
-36
-102
-148
-133
-100
-95
-119
-142
-138
-122
-103
-92
-119
-128
-118
-110
-88
-72
-72
-49
-65
-99
-115
-119
-128
-114
-112
-132
-128
-123
-118
-113
-92
-55
-97
-102
-89
-79
-90
-107
-122
-143
-110
-68
-75
-129
-150
-144
-135
-114
-95
-77
-70
-63
-33
-96
-178
-180
-147
-100
-53
-79
-139
-136
-121
-109
-86
-90
-114
-108
-117
-121
-80
-67
-109
-125
-128
-119
-95
-81
-76
-116
-137
-129
-114
-84
-95
-123
-130
-117
-90
-73
-58
-94
-122
-104
-71
-69
-118
-154
-132
-88
-124
-151
-130
-93
-61
-70
-105
-111
-120
-84
-65
-69
-96
-159
-153
-131
-122
-114
-112
-118
-98
-85
-86
-101
-111
-100
-80
-69
-43
-73
-90
-101
-127
-135
-160
-156
-125
-101
-133
-144
-106
-106
-124
-120
-100
-64
-47
-49
-85
-103
-84
-69
-65
-136
-193
-188
-153
-131
-120
-107
-92
-93
-97
-82
-59
-63
-95
-122
-93
-29
-24
-66
-130
-191
-199
-178
-148
-114
-101
-97
-95
-102
-103
-95
-84
-107
-130
-101
-91
-93
-85
-94
-106
-119
-97
-86
-107
-123
-132
-120
-93
-71
-77
-113
-118
-115
-69
21
-3
-111
-166
-170
-163
-145
-130
-131
-129
-115
-93
-63
-70
-72
-92
-137
-151
-130
-118
-86
-74
-93
-87
-103
-86
-50
-83
-136
-150
-134
-115
-104
-95
-88
-89
-110
-103
-69
-92
-120
-118
-123
-107
-94
-87
-76
-100
-131
-147
-132
-102
-79
-96
-133
-134
-101
-74
-78
-94
-124
-107
-70
-80
-113
-130
-136
-130
-103
-106
-116
-108
-96
-91
-73
-58
-96
-105
-121
-131
-91
-55
-101
-140
-149
-125
-84
-83
-131
-151
-121
-71
-26
-55
-131
-127
-102
-124
-93
-59
-61
-104
-130
-127
-118
-101
-91
-141
-146
-127
-96
-71
-94
-93
-123
-116
-94
-60
-73
-92
-122
-121
-106
-120
-133
-134
-135
-134
-133
-122
-103
-72
-30
-30
-91
-101
-94
-92
-99
-70
-91
-150
-177
-163
-134
-114
-110
-113
-105
-106
-120
-110
-80
-59
-84
-89
-42
-78
-129
-137
-137
-134
-132
-123
-120
-120
-113
-110
-115
-107
-105
-116
-122
-108
-76
-64
-85
-93
-58
-4
-42
-160
-182
-164
-141
-109
-96
-110
-122
-115
-99
-48
-31
-113
-137
-120
-113
-120
-111
-93
-107
-69
-82
-76
-67
-123
-142
-138
-112
-88
-67
-64
-88
-110
-76
-83
-136
-126
-130
-145
-141
-115
-94
-107
-121
-99
-78
-100
-104
-103
-87
-79
-84
-73
-56
-71
-109
-117
-118
-100
-134
-175
-140
-118
-112
-98
-106
-106
-99
-93
-92
-85
-35
-17
-87
-138
-150
-132
-112
-99
-102
-102
-133
-153
-154
-133
-114
-93
-70
-71
-87
-60
-38
-37
-39
-40
-69
-100
-131
-167
-190
-181
-131
-116
-131
-117
-117
-114
-76
-78
-89
-80
-114
-141
-128
-130
-117
-101
-128
-151
-146
-133
-99
-19
32
-36
-121
-98
-44
-50
-84
-143
-157
-123
-138
-184
-203
-188
-151
-129
-129
-125
-99
-70
-41
0
7
-8
-54
-117
-121
-117
-149
-205
-211
-185
-152
-117
-92
-104
-129
-135
-104
0
95
83
-49
-117
-138
-204
-232
-198
-145
-100
-87
-121
-150
-135
-117
-89
-87
-97
-54
-4
14
-19
-85
-145
-192
-204
-162
-87
-82
-141
-176
-162
-107
-92
-111
-77
-25
-11
-16
-32
-65
-71
-121
-158
-186
-174
-158
-151
-134
-117
-105
-110
-81
-53
-36
-16
-91
-152
-148
-92
-87
-103
-120
-153
-127
-108
-112
-112
-108
-109
-107
-96
-83
-52
-96
-155
-160
-121
-74
-27
-26
-104
-142
-115
-103
-156
-158
-91
-89
-129
-145
-105
-41
-23
-62
-113
-121
-108
-71
-45
-125
-172
-146
-127
-138
-108
-70
-42
-5
-2
4
-43
-124
-137
-70
-30
-58
-168
-221
-241
-249
-214
-61
46
-5
-85
-130
-145
-117
-131
-148
-132
-107
-96
-99
-114
-118
-83
5
80
32
-93
-192
-220
-221
-207
-175
-152
-136
-131
-121
-98
-76
-75
-95
-78
7
63
-20
-58
-83
-99
-81
-122
-152
-150
-175
-211
-212
-210
-170
-109
-113
-134
-76
0
61
64
68
29
-32
-119
-200
-233
-242
-214
-180
-160
-145
-122
-58
0
21
26
8
-54
-62
-33
-53
-115
-186
-228
-244
-239
-207
-171
-125
-30
87
94
6
-55
-92
-115
-131
-149
-172
-203
-231
-220
-198
-163
-121
-67
7
63
42
-75
-182
-226
-183
-86
-51
-73
-118
-107
-71
-88
-121
-161
-201
-201
-134
-13
133
182
49
-107
-169
-176
-220
-241
-249
-214
-154
-114
-98
-105
-97
-57
-50
-10
54
78
72
-35
-101
-105
-120
-185
-227
-244
-250
-253
-228
-185
-131
-80
-34
37
134
98
-9
-80
-143
-108
-44
-29
-34
-111
-193
-230
-245
-247
-163
-79
-27
28
47
-32
-149
-192
-98
-61
-85
-113
-172
-200
-224
-205
-116
17
86
33
-125
-204
-231
-146
-86
-140
-138
-128
-131
-163
-168
-138
-106
-92
-17
38
29
-29
-100
-111
-115
-157
-184
-190
-202
-213
-197
-157
-118
-83
-86
-76
5
136
208
217
34
-138
-205
-179
-117
-124
-204
-234
-247
-252
-254
-234
-100
31
142
190
55
-99
-193
-230
-245
-191
-44
133
152
39
-134
-207
-236
-206
-111
-21
-51
-145
-212
-181
-64
41
69
39
-59
-173
-211
-213
-208
-173
-111
-50
-1
33
56
21
-65
-66
-33
-139
-209
-230
-245
-241
-203
-189
-223
-191
-125
-75
64
180
210
79
-94
-191
-229
-243
-176
-125
-97
-138
-143
-127
-146
-188
-151
-48
52
94
70
-3
-142
-211
-236
-169
-97
-88
-137
-154
-127
-95
-38
54
112
33
-122
-202
-234
-242
-178
-57
30
27
-64
-161
-166
-103
-65
-109
-104
-89
-124
-139
-139
-137
-155
-179
-118
-5
82
85
-2
-90
-153
-214
-239
-232
-147
-29
-34
-85
-109
-99
-80
-111
-180
-216
-209
-174
-111
-2
31
28
-14
-94
-184
-193
-104
-16
1
-78
-151
-208
-236
-228
-173
-126
-93
-39
17
6
22
32
29
-39
-126
-197
-232
-246
-229
-170
-111
-75
-85
-112
-127
-94
-58
-81
-146
-140
-47
70
91
30
-82
-177
-224
-242
-212
-169
-146
-132
-108
-112
-115
-97
-88
-96
-117
-118
-83
-33
-43
-84
-87
-99
-126
-150
-149
-134
-115
-112
-112
-117
-123
-118
-114
-112
-112
-110
-104
-96
-91
-93
-106
-118
-113
-104
-100
-101
-103
-106
-112
-107
-101
-102
-107
-103
-93
-94
-107
-115
-114
-112
-112
-126
-145
-156
-131
-82
-64
-70
-81
-89
-93
-97
-100
-104
-106
-107
-107
-108
-108
-107
-108
-108
-108
-108
-109
-108
-108
-108
-108
-108
-108
-108
-109
-108
-108
-107
-108
-108
-109
-108
-109
-109
-108
-108
-109
-108
-108
-108
-108
-108
-108
-109
-110
-109
-108
-108
-108
-109
-109
-110
-110
-110
-111
-111
-111
-110
-111
-111
-112
-111
-110
-111
-111
-111
-111
-111
-111
-111
-112
-112
-112
-111
-110
-109
-110
-110
-110
-110
-110
-109
-110
-109
-109
-109
-110
-111
-110
-110
-111
-110
-110
-111
-110
-110
-110
-110
-110
-110
-110
-110
-110
-110
-110
-109
-108
-107
-107
-107
-107
-106
-106
-107
-105
-104
-104
-103
-103
-105
-106
-108
-109
-109
-109
-108
-108
-109
-109
-109
-108
-107
-107
-107
-108
-108
-108
-108
-109
-109
-109
-109
-108
-107
-106
-107
-107
-107
-107
-107
-108
-108
-107
-106
-106
-106
-106
-106
-106
-106
-106
-106
-106
-106
-107
-108
-108
-109
-109
-109
-109
-107
-107
-108
