-10891
-106
-107
-106
-105
-106
-106
-106
-105
-105
-106
-106
-105
-105
-106
-106
-105
-105
-105
-105
-105
-105
-106
-106
-106
-106
-107
-106
-105
-105
-105
-105
-105
-106
-107
-106
-106
-105
-105
-104
-104
-103
-103
-104
-105
-105
-105
-105
-106
-106
-106
-106
-105
-105
-105
-106
-106
-105
-105
-105
-106
-106
-105
-106
-107
-107
-105
-104
-103
-103
-102
-102
-102
-104
-105
-105
-106
-106
-106
-106
-107
-106
-107
-107
-107
-107
-107
-106
-105
-106
-105
-105
-105
-105
-104
-104
-104
-104
-105
-105
-104
-104
-105
-105
-105
-105
-105
-105
-105
-104
-104
-103
-103
-103
-103
-103
-103
-104
-104
-105
-105
-105
-106
-106
-105
-106
-105
-106
-106
-105
-106
-106
-106
-105
-105
-105
-104
-105
-105
-106
-105
-103
-103
-104
-104
-104
-105
-105
-106
-106
-106
-106
-107
-107
-106
-106
-106
-106
-106
-106
-107
-108
-107
-106
-106
-105
-106
-106
-107
-107
-105
-105
-105
-106
-106
-105
-105
-105
-106
-106
-106
-106
-107
-106
-106
-106
-107
-105
-106
-106
-106
-106
-106
-107
-106
-106
-106
-106
-106
-106
-105
-106
-107
-106
-105
-105
-107
-107
-107
-106
-106
-107
-106
-106
-107
-108
-108
-108
-108
-108
-107
-108
-108
-107
-107
-108
-108
-108
-108
-107
-106
-105
-105
-104
-105
-106
-106
-106
-105
-105
-105
-105
-105
-106
-106
-105
-104
-102
-102
-102
-102
-103
-104
-104
-105
-106
-107
-106
-106
-105
-105
-106
-105
-105
-105
-105
-105
-106
-106
-107
-107
-106
-105
-105
-106
-106
-106
-106
-106
-105
-104
-104
-103
-104
-104
-103
-105
-105
-106
-106
-105
-104
-104
-105
-106
-106
-105
-105
-104
-105
-105
-105
-105
-105
-106
-106
-105
-104
-103
-104
-105
-104
-103
-104
-105
-105
-103
-103
-103
-102
-102
-103
-104
-104
-103
-103
-104
-105
-104
-105
-106
-106
-105
-104
-104
-104
-104
-104
-104
-104
-103
-103
-103
-103
-104
-104
-103
-103
-104
-103
-104
-103
-104
-104
-105
-103
-103
-103
-104
-104
-104
-104
-104
-104
-104
-103
-104
-104
-105
-105
-105
-105
-105
-106
-106
-105
-105
-105
-105
-105
-106
-106
-106
-106
-106
-106
-107
-106
-106
-106
-106
-106
-107
-107
-106
-106
-106
-106
-107
-107
-108
-108
-107
-107
-107
-107
-107
-108
-107
-108
-108
-108
-108
-107
-108
-108
-108
-109
-109
-108
-107
-106
-106
-106
-106
-106
-105
-105
-106
-106
-108
-109
-108
-109
-110
-110
-109
-109
-108
-108
-109
-109
-109
-109
-109
-108
-108
-108
-109
-110
-110
-111
-110
-110
-109
-109
-109
-109
-108
-108
-109
-109
-109
-109
-109
-109
-109
-108
-108
-108
-108
-107
-108
-109
-108
-109
-109
-110
-109
-109
-109
-110
-109
-110
-110
-110
-112
-111
-111
-111
-110
-109
-109
-110
-111
-110
-110
-109
-110
-111
-110
-110
-110
-111
-110
-110
-109
-108
-107
-108
-109
-109
-108
-108
-108
-109
-108
-108
-107
-108
-108
-108
-107
-107
-108
-108
-108
-109
-108
-106
-107
-107
-107
-107
-107
-106
-107
-107
-106
-106
-106
-106
-106
-106
-106
-105
-105
-106
-107
-107
-107
-108
-108
-107
-108
-107
-107
-107
-107
-108
-109
-108
-108
-108
-108
-107
-107
-107
-106
-106
-105
-104
-105
-105
-106
-105
-106
-106
-106
-106
-106
-106
-106
-107
-106
-107
-107
-106
-106
-106
-106
-106
-107
-107
-107
-107
-108
-108
-108
-107
-107
-106
-107
-107
-107
-106
-104
-103
-103
-103
-103
-103
-103
-104
-106
-106
-106
-106
-107
-107
-106
-106
-106
-107
-106
-106
-105
-104
-104
-103
-103
-104
-105
-105
-106
-106
-106
-106
-106
-106
-106
-105
-105
-105
-106
-106
-106
-106
-106
-105
-105
-106
-107
-107
-106
-106
-106
-105
-106
-106
-107
-108
-110
-111
-110
-107
-105
-103
-103
-104
-103
-103
-102
-102
-103
-103
-103
-103
-104
-105
-106
-106
-106
-106
-106
-105
-105
-105
-104
-104
-104
-104
-104
-104
-104
-104
-105
-105
-106
-105
-105
-105
-106
-105
-105
-104
-105
-106
-106
-105
-105
-105
-105
-105
-105
-105
-105
-104
-104
-103
-104
-104
-104
-104
-104
-103
-103
-103
-103
-103
-104
-103
-103
-103
-104
-103
-103
-103
-102
-102
-103
-103
-103
-103
-103
-103
-103
-102
-103
-102
-102
-102
-103
-103
-103
-103
-104
-104
-103
-103
-103
-103
-104
-104
-106
-105
-105
-105
-105
-105
-105
-104
-104
-103
-103
-103
-103
-104
-105
-104
-105
-106
-106
-105
-106
-106
-106
-105
-105
-106
-105
-105
-106
-107
-106
-105
-105
-106
-104
-102
-102
-101
-104
-106
-107
-104
-100
-99
-101
-100
-101
-100
-99
-101
-102
-102
-102
-103
-103
-100
-100
-110
-118
-118
-109
-100
-98
-100
-104
-112
-121
-118
-100
-88
-87
-87
-87
-93
-98
-100
-100
-102
-107
-114
-122
-123
-122
-126
-130
-141
-150
-148
-134
-115
-98
-83
-73
-64
-60
-58
-55
-61
-70
-73
-90
-116
-128
-133
-129
-116
-106
-110
-109
-113
-120
-118
-104
-97
-93
-85
-78
-86
-97
-91
-80
-79
-107
-129
-127
-108
-88
-80
-102
-135
-140
-125
-115
-125
-136
-116
-90
-81
-69
-77
-105
-137
-151
-145
-132
-111
-95
-91
-93
-104
-96
-91
-94
-110
-120
-125
-118
-96
-85
-84
-60
-43
-59
-90
-111
-139
-162
-169
-184
-169
-133
-113
-100
-81
-62
-70
-89
-75
-62
-81
-99
-132
-152
-132
-95
-88
-91
-81
-103
-120
-84
-49
-61
-105
-149
-173
-182
-146
-95
-71
-92
-94
-109
-123
-126
-110
-89
-81
-87
-76
-62
-81
-123
-146
-147
-123
-95
-75
-61
-76
-134
-170
-171
-108
-35
9
-19
-89
-150
-155
-130
-133
-143
-133
-117
-115
-124
-130
-109
-49
-24
-57
-102
-109
-94
-93
-109
-126
-150
-173
-154
-128
-113
-108
-110
-71
-19
7
-32
-113
-185
-185
-153
-109
-92
-99
-127
-141
-98
-47
-63
-95
-128
-120
-97
-73
-61
-95
-133
-130
-102
-94
-91
-98
-75
-66
-103
-125
-142
-172
-183
-170
-165
-123
-45
0
-11
-65
-115
-147
-146
-120
-124
-116
-93
-90
-110
-138
-144
-123
-45
-20
-76
-138
-134
-118
-127
-127
-100
-57
-66
-123
-154
-145
-145
-145
-79
11
5
-76
-144
-150
-120
-61
-27
-51
-99
-134
-166
-178
-143
-107
-85
-74
-97
-128
-139
-103
-63
-67
-77
-90
-93
-101
-117
-116
-125
-115
-87
-78
-99
-120
-74
-35
-81
-142
-143
-120
-109
-119
-146
-152
-134
-132
-117
-80
-46
-46
-106
-144
-104
-99
-110
-109
-93
-100
-92
-86
-140
-162
-119
-69
-53
-68
-87
-125
-130
-56
-6
-57
-153
-188
-177
-160
-129
-96
-50
-41
-81
-119
-120
-95
-100
-141
-132
-102
-123
-132
-89
-85
-97
-75
-23
-36
-118
-189
-199
-139
-73
-66
-84
-76
-73
-97
-109
-94
-86
-108
-128
-150
-131
-90
-98
-132
-97
-46
-50
-92
-127
-134
-134
-125
-95
-92
-111
-96
-76
-81
-102
-108
-84
-64
-102
-144
-140
-132
-129
-100
-59
-67
-109
-117
-71
-32
-89
-162
-136
-91
-78
-56
-8
-19
-98
-181
-226
-233
-202
-121
-47
-8
-2
13
-14
-79
-162
-184
-149
-101
-118
-157
-178
-151
-87
-56
-70
-51
-46
-85
-127
-159
-164
-137
-114
-121
-116
-117
-130
-96
-23
23
-22
-97
-130
-130
-159
-189
-162
-152
-158
-173
-167
-133
-84
-57
-59
-62
-65
-25
18
-34
-125
-168
-166
-140
-132
-172
-220
-206
-144
-110
-110
-109
-105
-68
0
18
-29
-102
-178
-191
-152
-132
-148
-165
-146
-113
-110
-92
-67
-62
-77
-100
-129
-169
-160
-121
-103
-110
-98
-68
-58
-66
-84
-105
-135
-158
-198
-208
-184
-134
-41
-30
-85
-111
-105
-107
-131
-148
-147
-143
-145
-144
-136
-90
-70
-113
-149
-143
-124
-112
-95
-106
-101
-101
-119
-124
-114
-102
-123
-180
-196
-142
-108
-94
-78
-81
-124
-145
-112
-55
-56
-131
-194
-206
-196
-161
-117
-86
-109
-136
-145
-121
-76
-55
-82
-98
-108
-91
-96
-123
-121
-108
-122
-170
-192
-163
-131
-148
-168
-140
-119
-129
-126
-92
-50
-42
-98
-137
-108
-60
-41
-58
-119
-197
-224
-216
-207
-170
-128
-103
-97
-77
-80
-93
-108
-98
-84
-68
-73
-146
-181
-133
-68
-86
-148
-164
-147
-144
-179
-170
-121
-40
-13
-53
-96
-138
-153
-124
-124
-154
-167
-115
-41
-25
-64
-119
-160
-156
-113
-88
-83
-119
-130
-135
-148
-184
-186
-82
23
11
-78
-107
-96
-127
-174
-147
-108
-134
-152
-139
-126
-142
-144
-115
-95
-83
-88
-102
-118
-101
-55
-32
-68
-103
-119
-129
-142
-146
-140
-121
-100
-93
-65
-22
0
1
-49
-119
-151
-151
-154
-158
-147
-120
-117
-122
-124
-98
-69
-51
-36
-52
-74
-76
-86
-113
-155
-170
-135
-96
-72
-69
-88
-84
-44
-36
-90
-147
-164
-132
-80
-53
-65
-116
-161
-152
-133
-110
-82
-54
-33
-44
-76
-107
-130
-126
-109
-98
-70
-60
-108
-135
-117
-109
-120
-120
-106
-106
-101
-65
-28
23
40
1
-103
-192
-230
-198
-155
-124
-110
-123
-141
-130
-87
-42
-14
-4
-15
-45
-116
-161
-147
-122
-88
-49
-46
-34
-67
-111
-114
-105
-124
-138
-121
-155
-208
-191
-143
-95
-58
-73
-102
-67
12
45
-12
-118
-177
-174
-173
-163
-145
-108
-71
-48
-9
17
4
-71
-109
-86
-88
-122
-147
-185
-199
-201
-186
-145
-78
24
89
72
3
-96
-189
-229
-215
-159
-123
-160
-131
-47
54
41
-63
-127
-144
-102
-92
-129
-189
-190
-81
-34
-108
-158
-131
-43
21
51
37
-85
-190
-229
-193
-120
-112
-113
-116
-86
-14
-34
-68
-104
-113
-112
-111
-165
-220
-226
-183
-135
-98
-94
-144
-181
-113
-3
23
26
-74
-184
-204
-178
-145
-120
-77
-1
73
101
38
-118
-201
-209
-162
-123
-57
-6
59
99
8
-103
-170
-192
-226
-206
-172
-141
-126
-103
-103
-128
-142
-72
106
144
22
-15
-14
8
-35
-127
-120
-95
-48
-52
-156
-201
-219
-241
-140
-63
-15
126
-38
-164
-201
-233
-153
67
109
-52
-177
-191
-120
-197
-213
-238
-248
-196
-82
-107
-198
-229
-51
135
127
-66
-181
-122
-183
-186
-117
-194
-231
-241
-98
-23
-148
-213
-239
-205
35
157
36
-101
-194
-192
-52
-15
39
-97
-194
-231
-245
-251
-162
-112
-81
0
109
180
54
-83
-182
-224
-243
-189
-158
-153
-20
-1
-29
77
185
179
-63
-179
-224
-220
-63
45
-12
-9
-6
-77
-119
-121
-45
28
-31
-155
-216
-239
-249
-162
24
115
198
230
62
-131
-205
-206
-101
-22
10
-113
-200
-233
-183
23
4
-134
-123
-57
-47
-91
-41
-54
-42
-65
-76
-24
-37
-19
-8
-138
-209
-208
-102
-94
-122
-95
-132
-152
-201
-162
77
185
216
97
-109
-197
-231
-235
-192
-183
-110
-25
-10
-77
-60
-17
-73
-172
-222
-156
82
161
27
-138
-208
-204
3
75
35
-74
-185
-227
-244
-250
-253
-181
66
145
110
12
-13
-47
-166
-219
-213
-42
18
-141
-210
-236
-164
-141
-112
16
78
50
72
51
84
5
-12
-124
-71
54
-35
-171
-222
-242
-249
-131
7
57
-61
-181
-225
-116
110
198
232
221
-46
-171
-221
-241
-245
-184
-219
-242
-244
-154
63
180
225
68
-128
-204
-234
-246
-92
52
60
-66
-156
-129
-131
-186
-194
-217
-227
-152
67
182
206
-14
-160
-217
-239
-227
-200
-197
-233
-237
-186
-93
-27
94
149
-1
-129
-65
-2
-56
-172
-128
-54
0
13
-65
-178
-224
-243
-234
-117
-7
14
-23
-51
-76
44
64
3
-120
-202
-234
-103
115
69
-121
-202
-234
-247
-251
-189
-129
-4
115
168
73
-42
-159
-216
-191
-120
32
-8
-160
-218
-186
-73
-161
-219
-178
-22
57
-23
-111
-59
126
158
23
-144
-211
-237
-217
-171
-70
51
146
103
-84
-188
-228
-191
-69
8
-77
-175
-181
-156
-104
-38
30
48
-38
-137
-171
-206
-231
-211
-118
-28
-20
-54
36
43
-38
-157
-134
-86
-81
-147
-192
-177
-185
-103
-57
-124
-205
-235
-225
-12
150
178
15
-106
-119
-129
-178
-135
-68
-41
-159
-217
-235
-181
-168
-142
-24
105
177
89
15
-67
-176
-215
-170
-55
-127
-206
-236
-180
51
175
207
85
-115
-199
-232
-245
-190
-112
-109
-59
-25
-100
-192
-172
-108
-77
-47
-144
-212
-226
-72
66
50
-71
-128
-144
-92
-119
-202
-227
-162
-118
-20
57
77
-32
-158
-177
-150
-189
-180
-216
-207
-184
-74
-19
-107
-199
-197
-109
21
45
-70
-105
-24
-4
3
-42
-87
-171
-222
-241
-190
-129
-148
-182
-178
-160
-40
121
202
218
73
23
165
73
-126
-204
-234
-247
-252
-254
-255
-255
-201
-44
136
208
196
-59
-177
-224
-192
-75
-153
-216
-240
-175
-70
-99
-196
-227
-218
-202
-158
72
184
19
-148
-208
-143
-137
-210
-237
-181
-60
121
141
18
-146
-212
-238
-235
-130
-42
-120
-180
-136
-87
11
55
92
6
-146
-212
-238
-248
-252
-226
-167
-55
39
105
152
76
-92
-190
-223
-103
-39
-156
-217
-240
-218
-149
-118
-43
19
-91
-192
-144
60
69
-106
-184
-161
-140
-118
-129
-159
-217
-194
-78
8
49
-31
-167
-220
-174
-32
-34
-96
-182
-167
-146
-211
-206
-140
-49
-2
-50
-99
-68
-54
-102
-60
-3
-15
-75
-183
-226
-211
-123
-144
-128
-85
-105
-163
-102
-13
-52
-87
-8
-58
-175
-224
-240
-176
-65
-51
-49
-49
-96
-102
-73
-120
-159
-74
7
-22
-130
-206
-169
-77
-45
-46
-113
-199
-232
-213
-164
-125
-66
-4
-36
-94
-74
-88
-151
-54
32
-34
-169
-209
-164
-132
-144
-159
-137
-92
-65
-48
-39
-11
12
-25
-83
-154
-212
-155
-96
-136
-197
-175
-120
-44
41
8
-127
-203
-207
-96
31
4
-60
-78
-121
-142
-97
-87
-120
-112
-164
-218
-171
-37
-13
-71
-111
-99
-83
-57
-66
-139
-169
-129
-20
26
-109
-192
-167
-173
-174
-129
-91
-92
-83
-15
5
-89
-154
-144
-36
19
-51
-159
-165
-140
-133
-114
-147
-161
-116
-86
-21
37
-23
-93
-185
-214
-177
-121
-92
-119
-128
-118
-104
-98
-85
-56
-55
-46
-40
-94
-129
-140
-137
-132
-127
-129
-106
-75
-101
-147
-188
-206
-151
-62
-20
0
24
-17
-68
-87
-130
-186
-169
-103
-54
-66
-140
-179
-196
-180
-136
-94
-35
23
37
-30
-100
-114
-139
-191
-172
-119
-95
-111
-122
-138
-137
-111
-63
-45
-54
-84
-120
-122
-108
-89
-72
-85
-75
-112
-179
-144
-71
-66
-83
-94
-93
-105
-141
-126
-67
-78
-107
-71
-27
-19
-63
-92
-111
-116
-123
-190
-220
-163
-124
-104
-109
-111
-107
-121
-48
26
-14
-93
-126
-138
-128
-69
-64
-103
-129
-129
-106
-85
-77
-95
-97
-87
-88
-81
-84
-115
-77
-52
-97
-122
-86
-3
-1
-103
-167
-193
-187
-134
-94
-83
-74
-71
-86
-94
-94
-106
-112
-89
-100
-110
-24
25
-4
-68
-134
-192
-213
-157
-106
-84
-88
-124
-122
-111
-88
-84
-138
-164
-110
-50
-7
28
35
-26
-114
-153
-136
-118
-146
-148
-124
-137
-140
-133
-116
-84
-69
-82
-84
-82
-89
-89
-68
-13
13
-66
-148
-171
-152
-88
-53
-85
-132
-150
-156
-148
-121
-77
-60
-60
-55
-53
-50
-76
-110
-123
-150
-133
-77
-57
-87
-137
-151
-122
-115
-135
-132
-86
-75
-74
-69
-121
-190
-199
-176
-124
-53
-25
-44
-87
-142
-121
-70
-59
-72
-92
-97
-91
-117
-169
-195
-178
-141
-128
-121
-113
-84
-84
-102
-116
-144
-128
-73
-84
-136
-201
-208
-143
-129
-143
-137
-90
-65
-46
16
15
-81
-113
-104
-91
-119
-163
-203
-200
-143
-114
-88
-63
-76
-63
-47
-98
-172
-202
-197
-138
-46
-27
-53
-43
-63
-77
-111
-156
-171
-176
-177
-166
-164
-169
-149
-140
-127
-72
-50
-82
-95
-57
-59
-98
-141
-158
-143
-86
-55
-97
-156
-182
-189
-176
-143
-101
-75
-25
11
-1
-72
-133
-170
-171
-177
-166
-142
-141
-115
-90
-89
-73
-44
-34
7
84
93
59
88
87
168
156
-24
-164
-219
-240
-249
-253
-254
-207
-164
-190
-191
-106
-12
44
116
145
43
-133
-206
-207
-167
-182
-222
-242
-248
-219
-185
-130
7
108
66
-39
-111
-121
-121
-73
-93
-175
-223
-242
-242
-207
-162
-126
-59
-47
-99
-73
-16
-29
-63
-99
-141
-154
-180
-174
-153
-148
-156
-153
-116
-75
-85
-92
-77
-89
-61
-21
-47
-105
-131
-120
-66
-60
-115
-143
-145
-136
-129
-129
-124
-109
-93
-76
-70
-18
0
-36
-6
44
-18
-155
-215
-237
-172
-128
-157
-172
-118
-88
-93
-74
-65
-64
-39
-19
-41
-80
-162
-218
-208
-167
-92
-45
-62
-73
-64
-96
-107
-92
-71
-78
-131
-168
-163
-139
-81
-73
-101
-94
-95
-91
-103
-125
-120
-111
-48
-53
-120
-174
-197
-201
-151
-105
-78
-103
-82
29
78
2
-55
-88
-176
-221
-209
-177
-157
-159
-151
-125
-62
-41
-48
-42
-34
-57
-88
-129
-161
-154
-127
-110
-121
-120
-88
-18
12
-51
-144
-205
-216
-176
-124
-104
-113
-112
-66
-45
-79
-122
-140
-109
-11
55
-38
-168
-176
-147
-193
-201
-171
-91
-20
-102
-187
-159
-60
16
31
-99
-173
-158
-128
-127
-157
-160
-90
31
8
-103
-191
-224
-204
-127
15
28
-87
-167
-178
-139
-145
-146
-120
-88
-69
-52
-50
-46
-89
-114
-100
-86
-57
-77
-112
-141
-169
-157
-135
-150
-158
-164
-139
-98
-97
-84
-9
101
69
-101
-188
-153
-80
-59
-28
-82
-185
-226
-217
-202
-181
-112
-47
-7
-15
-34
-21
-19
-94
-162
-165
-108
-64
9
21
-99
-195
-229
-208
-175
-148
-104
-92
-117
-131
-127
-74
-10
-15
5
-3
-91
-149
-152
-123
-140
-176
-179
-143
-142
-110
-52
-45
-78
-76
-65
-69
-110
-143
-104
-91
-105
-114
-129
-113
-87
-110
-99
-85
-100
-130
-137
-157
-170
-156
-106
-36
9
6
10
-18
-73
-116
-139
-161
-155
-178
-198
-176
-153
-134
-83
-30
-29
-27
-13
-16
-86
-132
-178
-208
-184
-141
-125
-115
-74
-65
-124
-126
-87
-96
-126
-101
-60
-65
-97
-112
-78
-57
-105
-169
-167
-104
-28
-29
-78
-93
-107
-160
-179
-135
-121
-149
-147
-115
-47
-16
-76
-128
-163
-154
-104
-98
-135
-152
-121
-71
-33
-61
-116
-145
-139
-119
-69
-68
-113
-133
-114
-112
-128
-133
-137
-137
-119
-93
-66
-24
19
1
-100
-171
-193
-179
-170
-135
-80
-74
-111
-121
-110
-120
-115
-85
-84
-95
-89
-75
-79
-118
-134
-144
-146
-130
-99
-45
-60
-126
-143
-126
-120
-117
-114
-93
-69
-64
-34
9
-56
-130
-144
-154
-160
-160
-157
-153
-146
-129
-95
-77
-84
-92
-115
-114
-30
5
-64
-130
-136
-107
-100
-103
-101
-126
-145
-166
-174
-155
-132
-96
-22
19
-67
-137
-136
-51
3
-56
-146
-201
-196
-155
-115
-95
-85
-74
-73
-89
-114
-88
-97
-119
-112
-65
-49
-65
-131
-171
-151
-71
-35
-77
-138
-153
-166
-168
-166
-134
-107
-63
7
-27
-74
-38
16
27
-7
-90
-164
-208
-233
-182
-119
-78
-126
-187
-209
-108
-63
-56
-90
-72
21
46
-51
-140
-210
-237
-187
-88
-86
-129
-137
-110
-83
-39
-1
-47
-96
-153
-144
-120
-123
-155
-142
-130
-136
-140
-111
-89
-65
-53
-22
52
74
33
-34
-158
-217
-240
-249
-238
-231
-231
-208
-145
-90
-105
-122
-68
64
178
155
40
-116
-178
-102
-118
-122
-187
-219
-193
-209
-207
-149
-83
-56
23
85
93
-4
-133
-151
-67
-70
-150
-214
-239
-248
-246
-162
-101
-6
82
69
-2
-21
-51
-106
-147
-186
-205
-212
-238
-246
-178
-68
-58
-164
-151
-104
-2
53
26
-88
-190
-186
-154
-110
16
63
48
-101
-194
-178
-149
-151
-206
-236
-222
-152
-72
-56
-43
-63
-79
-26
-39
-54
-77
-109
-160
-156
-138
-91
-33
-108
-115
-164
-220
-241
-249
-237
-70
127
205
138
-59
-168
-220
-227
-141
-124
-151
-138
-160
-176
-174
-139
-92
-31
-29
-20
-20
-64
-69
-33
-1
-84
-177
-224
-205
-50
-3
-39
-169
-221
-241
-242
-163
-129
-42
116
201
232
132
-101
-193
-230
-245
-251
-202
-127
-78
-38
-88
-166
-220
-161
-3
72
-10
-93
-66
76
66
-4
-130
-206
-235
-247
-237
-248
-252
-213
-132
-5
141
207
159
-7
-155
-214
-187
-187
-229
-150
-40
-6
-50
-167
-176
-134
-160
-196
-162
-49
10
-31
-62
-79
-146
-198
-156
-54
-8
-17
-82
-45
54
20
-132
-207
-236
-237
-156
-162
-201
-197
-91
94
192
221
33
-123
-113
-119
-191
-229
-217
-144
-198
-233
-247
-252
-197
-101
16
154
190
121
-45
-92
-60
-104
-145
-194
-231
-245
-251
-186
-43
-13
-44
-103
-125
-91
41
91
65
36
-116
-200
-209
-196
-182
-226
-243
-187
-146
-148
-65
-4
-34
32
161
136
46
-113
-187
-226
-243
-250
-245
-190
-148
-157
-167
-27
37
53
-19
-158
-200
-149
-91
-26
25
34
-65
-166
-202
-200
-210
-187
-180
-190
-223
-202
-82
66
177
170
12
-65
-89
-117
-197
-232
-206
-104
-91
-87
-110
-94
-67
-44
-84
-72
-67
-113
-136
-155
-176
-162
-146
-135
-141
-120
-85
-90
-147
-161
-156
-85
-70
-99
-2
73
29
-120
-202
-215
-178
-177
-188
-179
-151
-140
-185
-155
0
60
45
-42
-123
-140
-198
-224
-92
-12
-48
-137
-184
-188
-126
-90
-147
-131
-91
-181
-208
-127
-99
-57
62
125
82
-46
-166
-206
-148
-114
-131
-149
-169
-189
-229
-245
-251
-154
67
168
107
-9
-81
-103
-152
-119
-157
-184
-179
-181
-74
-3
-19
-152
-214
-238
-156
-24
31
43
28
79
41
-132
-206
-236
-247
-252
-232
-167
-102
-32
47
3
-78
-186
-140
7
95
168
101
-96
-192
-230
-245
-249
-185
-79
76
79
-67
-167
-196
-135
-49
-18
-62
-173
-223
-188
-59
0
-37
-128
-193
-229
-168
-53
-67
-25
-66
-147
-117
-65
11
-65
-183
-227
-234
-116
-25
-86
-178
-225
-204
-81
43
57
-36
-167
-217
-186
-142
-95
-68
-141
-142
-55
69
101
-7
-106
-193
-230
-243
-190
-130
-130
-150
1
-6
-127
-156
-149
-70
15
-2
-57
-131
-191
-230
-240
-153
-76
-39
8
27
-114
-200
-229
-119
40
158
70
-86
-188
-228
-215
-162
-137
-142
-143
-107
-89
-84
-97
-109
-114
-134
-123
-97
-125
-138
-112
-89
19
110
40
-34
-123
-202
-234
-244
-211
-199
-184
-117
-2
12
-97
-149
-142
-80
-12
-11
-64
-123
-133
-122
-111
-146
-158
-120
-104
-85
-65
-89
-120
-118
-120
-94
-84
-92
-94
-86
-81
-100
-128
-127
-117
-110
-105
-102
-98
-95
-89
-69
-59
-76
