-11057
-106
-106
-106
-105
-105
-105
-105
-106
-106
-107
-107
-105
-105
-106
-106
-106
-106
-105
-105
-105
-106
-106
-107
-106
-107
-106
-105
-104
-105
-106
-106
-106
-106
-106
-106
-106
-105
-105
-106
-106
-106
-105
-105
-104
-104
-102
-102
-102
-101
-102
-103
-104
-106
-107
-108
-108
-107
-107
-107
-109
-109
-109
-109
-108
-107
-107
-108
-108
-107
-108
-107
-106
-107
-106
-106
-106
-106
-105
-105
-105
-105
-104
-104
-105
-105
-104
-104
-105
-105
-107
-107
-106
-106
-105
-104
-104
-104
-104
-106
-106
-106
-106
-106
-106
-105
-106
-106
-106
-107
-108
-107
-107
-107
-105
-104
-104
-105
-106
-107
-106
-106
-106
-106
-106
-105
-105
-105
-105
-105
-106
-106
-106
-105
-104
-104
-104
-104
-103
-104
-104
-104
-104
-105
-105
-105
-105
-105
-106
-107
-107
-107
-106
-105
-103
-103
-104
-104
-104
-105
-105
-104
-103
-103
-104
-104
-104
-103
-104
-103
-104
-104
-105
-105
-104
-104
-105
-106
-106
-105
-106
-106
-105
-106
-106
-105
-105
-105
-105
-104
-104
-104
-105
-105
-105
-105
-106
-107
-107
-107
-106
-106
-105
-105
-105
-106
-105
-104
-105
-105
-106
-106
-105
-105
-105
-104
-104
-105
-105
-105
-105
-104
-105
-106
-106
-106
-106
-106
-106
-106
-107
-107
-106
-104
-103
-103
-104
-104
-104
-106
-107
-107
-106
-105
-104
-103
-104
-104
-104
-104
-103
-102
-102
-104
-105
-105
-106
-107
-107
-107
-107
-108
-107
-106
-105
-106
-106
-106
-106
-106
-105
-106
-106
-106
-105
-104
-104
-104
-104
-105
-106
-107
-106
-106
-107
-106
-105
-105
-106
-107
-107
-107
-107
-108
-108
-107
-107
-106
-105
-106
-106
-105
-105
-105
-104
-104
-104
-104
-103
-104
-105
-105
-104
-103
-103
-103
-104
-105
-105
-106
-106
-105
-105
-103
-103
-103
-104
-105
-104
-104
-106
-106
-106
-105
-105
-106
-105
-105
-105
-105
-106
-107
-108
-108
-107
-107
-107
-106
-106
-106
-106
-107
-108
-107
-107
-106
-106
-106
-106
-106
-106
-106
-106
-106
-106
-106
-105
-105
-104
-105
-104
-103
-105
-105
-105
-106
-106
-105
-104
-104
-105
-106
-105
-106
-107
-107
-108
-108
-107
-107
-106
-106
-106
-106
-106
-104
-104
-104
-104
-104
-104
-105
-106
-107
-106
-106
-106
-105
-105
-105
-105
-105
-106
-105
-106
-106
-106
-104
-105
-105
-105
-106
-106
-106
-106
-106
-107
-106
-106
-105
-105
-106
-107
-107
-107
-106
-106
-106
-106
-105
-104
-103
-103
-103
-103
-103
-105
-106
-107
-107
-107
-108
-108
-107
-107
-109
-109
-109
-107
-106
-106
-106
-107
-107
-107
-106
-106
-106
-107
-106
-106
-105
-105
-106
-107
-106
-105
-105
-104
-104
-105
-104
-104
-104
-105
-105
-105
-105
-105
-105
-105
-106
-106
-106
-107
-107
-108
-108
-107
-107
-107
-106
-107
-107
-107
-107
-107
-107
-108
-108
-107
-106
-107
-106
-106
-106
-106
-105
-105
-105
-105
-104
-105
-104
-105
-104
-104
-104
-104
-105
-105
-105
-105
-105
-106
-106
-106
-106
-107
-106
-106
-104
-105
-105
-105
-105
-105
-105
-105
-105
-105
-105
-106
-104
-103
-103
-105
-106
-106
-106
-107
-107
-107
-107
-107
-106
-106
-106
-106
-105
-106
-105
-106
-106
-105
-105
-105
-105
-105
-104
-105
-104
-102
-103
-104
-104
-105
-105
-106
-106
-106
-106
-105
-105
-105
-105
-105
-105
-104
-105
-105
-105
-105
-107
-107
-107
-106
-105
-106
-106
-106
-105
-105
-105
-104
-105
-105
-105
-105
-105
-105
-105
-106
-106
-105
-106
-106
-106
-106
-105
-106
-106
-107
-105
-104
-104
-103
-102
-102
-103
-102
-103
-104
-106
-106
-105
-106
-105
-105
-107
-105
-105
-106
-106
-106
-106
-106
-105
-105
-105
-106
-106
-106
-107
-107
-105
-104
-105
-105
-104
-105
-106
-107
-106
-105
-105
-105
-104
-104
-104
-105
-105
-105
-104
-104
-104
-103
-104
-104
-104
-104
-104
-105
-105
-105
-105
-105
-105
-106
-106
-107
-106
-105
-106
-108
-109
-108
-106
-104
-104
-105
-107
-109
-109
-108
-107
-105
-104
-104
-105
-106
-107
-108
-110
-109
-107
-106
-105
-106
-105
-106
-106
-105
-104
-104
-104
-105
-105
-105
-106
-106
-106
-106
-106
-106
-107
-106
-106
-105
-106
-107
-107
-108
-107
-106
-106
-106
-107
-107
-107
-106
-104
-103
-103
-103
-103
-106
-108
-113
-114
-109
-103
-98
-93
-93
-99
-104
-110
-114
-112
-105
-102
-98
-92
-91
-94
-97
-100
-102
-103
-103
-104
-105
-106
-106
-107
-108
-106
-107
-107
-107
-108
-109
-110
-109
-107
-106
-105
-106
-106
-106
-106
-104
-99
-99
-99
-100
-104
-107
-107
-109
-114
-120
-120
-112
-101
-97
-101
-104
-104
-101
-99
-102
-106
-107
-102
-94
-91
-93
-98
-104
-112
-121
-127
-122
-109
-101
-96
-94
-96
-102
-107
-111
-114
-118
-122
-121
-110
-103
-110
-114
-102
-85
-84
-90
-94
-98
-102
-107
-113
-120
-123
-123
-117
-106
-101
-101
-97
-91
-100
-108
-97
-83
-89
-111
-118
-117
-109
-104
-103
-103
-112
-132
-143
-134
-122
-109
-100
-107
-110
-96
-83
-80
-80
-89
-103
-113
-121
-130
-144
-151
-141
-116
-89
-81
-88
-94
-94
-91
-94
-90
-85
-84
-98
-115
-121
-121
-122
-123
-122
-121
-126
-112
-94
-92
-102
-118
-118
-95
-73
-68
-74
-85
-98
-122
-121
-100
-105
-128
-131
-120
-111
-111
-116
-103
-87
-78
-87
-94
-101
-124
-119
-92
-78
-107
-122
-121
-99
-98
-131
-145
-122
-98
-93
-109
-128
-136
-109
-74
-73
-111
-122
-81
-59
-73
-80
-89
-117
-126
-109
-102
-106
-109
-96
-84
-75
-105
-134
-151
-134
-103
-78
-69
-73
-107
-145
-142
-99
-82
-75
-56
-45
-67
-111
-136
-149
-143
-129
-122
-129
-137
-144
-158
-137
-59
-17
-59
-116
-152
-151
-134
-115
-99
-77
-55
-56
-88
-129
-141
-145
-150
-131
-79
-43
-61
-92
-89
-89
-117
-125
-111
-114
-136
-140
-118
-84
-58
-62
-70
-74
-89
-106
-129
-134
-141
-146
-112
-80
-84
-101
-92
-83
-95
-113
-116
-114
-119
-112
-95
-89
-60
-66
-81
-116
-169
-175
-130
-71
-42
-38
-74
-116
-120
-101
-118
-149
-159
-138
-95
-64
-70
-84
-76
-84
-113
-130
-137
-131
-133
-131
-120
-114
-88
-55
-69
-100
-142
-143
-109
-71
-83
-122
-103
-62
-72
-104
-115
-129
-152
-167
-171
-156
-123
-82
-46
-44
-62
-94
-117
-129
-120
-123
-135
-135
-125
-105
-70
-34
-36
-74
-114
-136
-161
-179
-162
-114
-82
-92
-130
-163
-133
-62
-25
-32
-74
-128
-155
-133
-114
-102
-108
-117
-119
-120
-133
-122
-69
-45
-43
-88
-156
-186
-162
-129
-107
-87
-61
-37
-41
-48
-90
-137
-140
-150
-146
-138
-124
-83
-78
-94
-104
-103
-108
-112
-111
-125
-138
-128
-90
-24
8
-36
-94
-155
-192
-141
-78
-88
-133
-155
-142
-114
-111
-120
-107
-90
-94
-55
-26
-36
-89
-128
-119
-113
-110
-101
-115
-130
-132
-140
-130
-113
-102
-121
-129
-133
-100
-60
-57
-75
-103
-125
-115
-134
-136
-93
-76
-89
-94
-101
-130
-151
-163
-157
-136
-106
-82
-64
-63
-90
-151
-155
-116
-55
-60
-117
-173
-164
-96
-45
-48
-70
-86
-96
-90
-89
-139
-168
-154
-108
-82
-90
-94
-79
-65
-49
-79
-125
-123
-88
-105
-138
-145
-138
-131
-134
-118
-77
-63
-80
-96
-114
-108
-97
-101
-68
-42
-45
-96
-119
-113
-145
-182
-167
-131
-113
-117
-142
-153
-123
-76
-71
-88
-32
8
-53
-115
-127
-143
-142
-130
-120
-113
-98
-113
-127
-119
-85
-55
-73
-119
-146
-134
-127
-168
-168
-116
-74
-74
-92
-114
-121
-98
-70
-70
-86
-141
-163
-146
-114
-83
-83
-102
-123
-114
-70
-41
-41
-59
-98
-145
-169
-138
-90
-61
-39
-39
-74
-117
-142
-143
-152
-140
-95
-64
-74
-115
-146
-140
-101
-54
-29
-67
-128
-188
-186
-134
-82
-73
-63
-51
-65
-94
-106
-105
-128
-144
-148
-142
-134
-128
-110
-91
-106
-112
-81
-45
-18
-62
-97
-108
-131
-143
-149
-149
-154
-138
-109
-89
-92
-119
-100
-79
-87
-104
-85
-71
-107
-110
-90
-94
-84
-101
-159
-172
-151
-131
-119
-120
-97
-51
-1
-18
-108
-170
-154
-101
-72
-104
-128
-126
-110
-94
-91
-101
-118
-119
-97
-74
-72
-102
-136
-171
-177
-162
-111
-51
-46
-63
-75
-77
-70
-95
-126
-127
-136
-150
-116
-76
-80
-110
-129
-132
-100
-87
-134
-149
-113
-95
-76
-56
-45
-70
-157
-174
-136
-116
-113
-86
-60
-89
-132
-133
-108
-92
-85
-74
-106
-151
-134
-108
-106
-103
-95
-85
-80
-60
-80
-136
-162
-152
-141
-126
-94
-101
-96
-69
-78
-99
-92
-71
-57
-61
-106
-165
-191
-160
-93
-63
-97
-117
-115
-128
-124
-82
-72
-68
-79
-109
-106
-115
-149
-160
-150
-111
-82
-65
-48
-40
-42
-91
-142
-152
-121
-88
-98
-163
-173
-103
-30
-38
-101
-151
-149
-111
-101
-134
-129
-62
-36
-63
-86
-145
-185
-157
-91
-69
-106
-98
-94
-80
-62
-104
-126
-95
-90
-122
-149
-142
-117
-105
-99
-107
-90
-95
-113
-81
-82
-118
-83
-65
-100
-153
-148
-124
-122
-124
-108
-104
-113
-136
-161
-117
-56
-29
-14
-40
-51
-32
-58
-130
-155
-135
-133
-146
-149
-115
-109
-147
-172
-173
-117
-75
-28
11
8
-8
-59
-148
-185
-199
-186
-199
-204
-172
-139
-131
-122
-91
-65
-24
33
1
-47
-88
-163
-200
-173
-141
-99
-57
-48
-66
-124
-155
-158
-148
-109
-17
26
-36
-122
-179
-179
-151
-111
-90
-89
-65
-57
-106
-177
-212
-187
-93
-33
-19
-55
-145
-93
28
106
28
-56
-24
-42
-141
-210
-237
-248
-252
-230
-158
-62
-23
-30
5
59
25
-100
-190
-229
-231
-178
-91
16
56
-17
-126
-205
-190
-108
-41
-48
-61
-49
-60
-153
-215
-189
-110
-31
-5
-54
-131
-113
-82
-94
-81
-97
-177
-224
-236
-119
-31
-12
-31
-99
-150
-185
-182
-172
-86
20
52
3
-56
-159
-181
-147
-147
-206
-236
-233
-167
-62
43
65
17
-44
-100
-191
-229
-208
-55
39
30
-45
-138
-184
-180
-134
-166
-221
-217
-91
19
51
-27
-67
-28
-62
-121
-182
-225
-177
-112
-103
-115
-134
-108
-73
-60
-69
-49
-60
-57
-58
-57
-47
-130
-207
-236
-247
-252
-243
-101
101
192
101
-96
-192
-199
-110
-91
-90
-6
-3
-52
-152
-214
-169
-114
-155
-216
-195
-87
-56
-48
-81
-57
19
-11
-97
-81
-79
-169
-221
-241
-141
0
66
-24
-166
-220
-231
-69
111
172
76
-111
-198
-227
-115
-42
2
-40
-161
-218
-240
-249
-193
-61
66
78
-48
-175
-188
39
82
-99
-195
-231
-217
-153
-117
-132
-132
-123
-99
3
28
32
-7
-97
-174
-158
-173
-220
-240
-170
-95
-70
-34
-102
5
95
28
-136
-208
-219
-62
4
-100
-194
-231
-204
-92
-56
-74
-115
-143
-96
-8
100
107
-39
-172
-221
-154
-70
-38
-103
-140
-172
-223
-242
-229
-193
-81
102
195
223
72
-125
-200
-233
-226
-176
-194
-197
-178
-180
-175
-31
42
-7
-67
-129
-139
-90
-87
-63
-46
-38
-107
-147
-97
-41
-57
-91
-186
-227
-226
-91
-16
-94
-191
-177
-59
126
203
7
-152
-214
-238
-204
-131
-101
-83
-55
-26
-9
-55
-171
-222
-218
-97
32
59
27
-31
-82
-38
0
-88
-189
-229
-245
-216
-154
-87
-10
11
-27
-68
-72
-12
1
-77
-160
-213
-190
-159
-128
-89
-36
-79
-86
-43
4
-16
-140
-210
-237
-232
-167
-118
-126
-116
-42
19
97
157
99
-61
-179
-224
-241
-215
-162
-117
-111
-138
-160
-166
-160
-119
-43
31
138
167
71
-59
-84
-77
-179
-224
-243
-250
-218
-161
-144
-119
-67
24
126
116
75
20
-102
-194
-225
-152
-114
-135
-182
-192
-119
-122
-168
-201
-204
-128
-43
43
145
210
137
-33
-166
-219
-240
-199
-210
-213
-162
-148
-156
-150
-102
-48
1
106
197
162
-63
-179
-224
-214
-81
-76
-160
-194
-202
-195
-146
-90
-59
-64
-65
-21
38
67
-24
-153
-204
-212
-128
-66
-101
-164
-163
-151
-157
-183
-147
-65
-20
-21
12
31
-28
-150
-198
-169
-140
-83
-33
-51
-131
-205
-225
-184
-133
-116
-99
-77
-23
66
79
-39
-139
-201
-204
-166
-135
-127
-82
-84
-144
-188
-202
-151
-86
-37
0
49
10
-126
-196
-186
-144
-111
-57
-40
-57
-128
-169
-183
-174
-132
-95
-103
-94
-100
-118
-123
-79
-53
-54
-40
-26
-62
-87
-116
-162
-184
-175
-150
-156
-138
-114
-96
-99
-109
-96
-74
-94
-87
6
75
8
-88
-182
-226
-232
-224
-191
-149
-113
-99
-112
-107
-75
-22
25
0
-81
-145
-180
-176
-112
-43
-76
-124
-149
-125
-134
-139
-140
-116
-64
-35
-87
-156
-200
-194
-100
-29
-62
-152
-181
-128
-20
39
-62
-179
-188
-140
-41
37
-7
-139
-210
-233
-190
-167
-152
-108
-57
-8
-14
-74
-149
-170
-87
-14
-53
-105
-135
-119
-132
-181
-201
-176
-131
-66
-50
-89
-82
-76
-50
40
12
-131
-207
-236
-246
-188
-110
-82
-85
-107
-107
-58
21
71
29
-11
77
60
-96
-193
-230
-245
-247
-207
-174
-152
-133
-119
-113
-110
-108
-94
-45
-39
2
33
-114
-200
-177
-115
-121
-133
-147
-163
-151
-116
-127
-61
21
-8
-85
-132
-181
-183
-155
-119
-120
-134
-127
-123
-112
-85
-26
-10
-43
-78
-78
-113
-148
-187
-197
-162
-115
-111
-134
-135
-124
-108
-83
-61
-89
-77
-12
56
-2
-120
-169
-164
-137
-81
-89
-130
-173
-199
-182
-103
-7
1
-105
-141
-91
-62
-118
-174
-89
19
-23
-71
-178
-224
-236
-198
-174
-159
-133
-88
-49
-32
-43
-63
-88
-61
-104
-102
-75
-62
-99
-170
-209
-202
-182
-138
-78
-100
-132
-131
-121
-85
-29
-35
-82
-115
-121
-70
-73
-61
-11
-19
-106
-192
-174
-152
-149
-119
-121
-139
-146
-136
-80
-39
-72
-115
-128
-117
-94
-23
-32
-46
-71
-121
-157
-112
-158
-217
-229
-151
-76
-101
-150
-154
-113
-47
-26
-59
-119
-141
-75
-24
-63
-168
-191
-136
-85
-88
-148
-166
-144
-87
-58
-109
-127
-128
-103
-24
27
-50
-152
-168
-158
-115
-97
-145
-156
-127
-121
-150
-152
-126
-83
-53
-26
-20
-111
-122
-122
-133
-87
-41
-85
-156
-151
-113
-116
-142
-158
-146
-105
-82
-80
-73
-70
-73
-96
-96
-40
-31
-51
-112
-190
-219
-192
-128
-79
-51
-44
-109
-162
-182
-166
-115
-53
-45
-72
-75
-95
-130
-131
-143
-131
-122
-142
-138
-103
-37
-2
-22
-93
-173
-191
-164
-122
-99
-113
-136
-137
-118
-95
-74
-101
-94
-101
-78
-15
-20
-112
-147
-151
-143
-156
-162
-134
-98
-74
-103
-134
-131
-108
-60
-42
-50
-45
-22
-66
-137
-169
-165
-168
-165
-147
-132
-117
-104
-99
-98
-42
-4
-71
-139
-142
-96
-108
-115
-130
-137
-117
-133
-146
-141
-123
-72
-21
-32
-97
-165
-162
-91
-45
-51
-67
-126
-175
-177
-147
-110
-122
-132
-126
-102
-73
-77
-75
-48
-29
-13
-11
-109
-179
-184
-146
-158
-110
-139
-169
-134
-91
-87
-118
-111
-87
-65
-58
-73
-111
-112
-47
-95
-174
-162
-166
-150
-119
-92
-64
-109
-150
-148
-114
-68
-68
-37
-7
-10
-39
-119
-179
-193
-180
-155
-102
-85
-126
-154
-144
-118
-115
-79
-36
-70
-102
-98
-117
-67
-40
-88
-133
-163
-161
-150
-130
-119
-104
-80
-13
-16
-105
-114
-117
-126
-96
-73
-72
-92
-118
-171
-166
-157
-141
-107
-87
-88
-99
-89
-59
-87
-120
-122
-84
-87
-120
-113
-96
-130
-145
-120
-106
-110
-96
-94
-70
-92
-112
-97
-93
-78
-65
-72
-101
-123
-156
-167
-147
-127
-104
-90
-79
-89
-89
-81
-107
-91
-60
-46
-38
-86
-173
-191
-167
-143
-144
-136
-129
-95
-66
-43
-55
-91
-125
-128
-138
-120
-72
-65
-98
-106
-91
-100
-115
-114
-126
-140
-139
-124
-96
-78
-51
-76
-129
-118
-111
-87
-91
-135
-131
-138
-123
-95
-91
-96
-99
-92
-55
-71
-100
-121
-95
-66
-96
-150
-115
-74
-45
-106
-186
-190
-157
-125
-109
-103
-80
-59
-76
-86
-71
-91
-85
-54
-89
-78
-121
-167
-172
-156
-150
-141
-129
-107
-60
-62
-124
-124
-110
-47
-1
-57
-108
-119
-133
-99
-117
-134
-112
-88
-104
-124
-139
-125
-102
-120
-106
-99
-111
-94
-57
-99
-105
-86
-105
-134
-110
-102
-82
-31
-65
-105
-88
-128
-112
-118
-123
-122
-147
-162
-151
-119
-81
-69
-91
-119
-116
-87
-93
-71
-111
-150
-134
-86
-87
-103
-57
-89
-137
-111
-88
-121
-132
-137
-122
-57
-61
-124
-153
-157
-115
-55
-11
-39
-108
-171
-159
-134
-143
-106
-63
-47
-87
-99
-89
-115
-131
-85
-60
-102
-136
-118
-91
-109
-132
-122
-106
-114
-121
-111
-68
-22
-57
-103
-139
-129
-116
-134
-94
-53
-71
-103
-163
-150
-131
-129
-130
-117
-101
-97
-91
-78
-23
-52
-124
-85
-112
-129
-100
-99
-107
-118
-129
-133
-142
-136
-127
-124
-104
-64
-15
-11
-58
-81
-116
-173
-171
-126
-91
-108
-96
-96
-137
-149
-130
-110
-117
-102
-83
-93
-89
-71
-80
-64
-48
-104
-167
-152
-132
-102
-102
-106
-112
-111
-111
-116
-77
-24
-62
-125
-136
-90
-112
-77
-73
-120
-158
-148
-138
-119
-103
-116
-112
-120
-132
-95
-83
-115
-100
-88
-104
-61
-15
-51
-121
-155
-125
-136
-137
-124
-109
-99
-90
-106
-122
-104
-46
-43
-111
-127
-128
-103
-103
-95
-95
-143
-154
-144
-117
-91
-84
-87
-80
-37
-18
-110
-162
-145
-90
-60
-76
-147
-150
-107
-103
-122
-139
-130
-113
-96
-81
-80
-89
-107
-135
-119
-81
-76
-91
-39
-50
-121
-144
-151
-141
-126
-127
-132
-137
-119
-42
7
-53
-128
-162
-164
-113
-84
-82
-96
-116
-100
-116
-129
-118
-69
-26
-15
-77
-149
-176
-180
-157
-123
-89
-57
-87
-97
-92
-111
-125
-117
-105
-84
-59
-115
-141
-122
-107
-109
-118
-116
-97
-84
-121
-119
-103
-96
-78
-97
-88
-86
-108
-101
-70
-74
-95
-97
-104
-123
-99
-77
-120
-141
-161
-157
-143
-125
-69
-38
-79
-114
-120
-69
-30
-60
-123
-156
-118
-83
-53
-58
-103
-132
-129
-83
-61
-121
-182
-181
-179
-148
-121
-112
-95
-97
-111
-115
-86
-56
-15
10
-55
-103
-122
-116
-133
-135
-164
-169
-155
-144
-140
-125
-86
-63
-59
-65
-56
15
44
-81
-137
-120
-97
-129
-174
-185
-179
-179
-157
-122
-114
-108
-100
-76
-49
-31
-45
-102
-112
-111
-142
-171
-143
-96
-66
-65
-47
-96
-152
-155
-142
-132
-116
-37
8
-44
-139
-183
-156
-158
-146
-75
-2
-43
-84
-91
-106
-163
-176
-155
-149
-139
-123
-126
-118
-48
25
-31
-95
-110
-96
-85
-132
-163
-159
-123
-118
-158
-147
-97
-60
-57
-50
-37
-10
-11
-124
-203
-190
-75
-90
-163
-175
-160
-123
-101
-119
-137
-134
-115
-92
-2
43
-60
-59
-16
7
-55
-164
-210
-203
-181
-149
-147
-142
-153
-136
-128
-134
-145
-94
-6
33
30
10
-54
-79
-53
-96
-139
-171
-162
-161
-176
-185
-203
-194
-147
-105
-99
-78
-53
-66
-113
-98
-32
-12
8
-69
-71
-111
-163
-169
-139
-106
-136
-155
-146
-137
-135
-148
-168
-144
-63
2
18
-9
-41
-44
-33
-57
-138
-195
-222
-200
-180
-172
-166
-156
-122
-107
-107
-86
-12
46
43
-43
-85
-69
-72
-121
-152
-140
-149
-175
-192
-230
-227
-179
-93
-23
-35
-32
-31
-42
-6
-39
-104
-101
-73
-61
-92
-175
-223
-230
-199
-137
-65
-34
-50
-102
-122
-112
-116
-133
-79
-70
-126
-173
-213
-195
-126
-72
-35
-26
-8
-5
-10
12
18
-69
-179
-225
-243
-217
-101
-44
-47
-80
-138
-154
-113
-89
-57
-85
-113
-82
-13
17
-23
-106
-156
-209
-237
-231
-166
-76
-44
-76
-2
124
114
-4
-143
-211
-237
-242
-215
-180
-138
-92
-61
-44
-13
41
14
-35
-64
-133
-147
-145
-160
-172
-165
-138
-98
-87
-98
-94
-74
-51
-102
-152
-161
-165
-168
-170
-109
-8
12
-17
-36
-48
-75
-156
-214
-211
-169
-109
-110
-152
-131
-83
-112
-135
-158
-149
-49
5
9
-77
-180
-223
-205
-162
-71
3
6
-57
-134
-199
-208
-198
-182
-96
28
76
-7
-102
-177
-195
-157
-85
-56
-64
-103
-127
-90
-69
-75
-114
-115
-120
-87
21
16
-84
-173
-223
-219
-160
-115
-103
-74
-50
-112
-191
-162
-60
-32
-41
-65
-65
-2
-6
-71
-152
-205
-223
-233
-226
-197
-170
-79
19
1
-33
-85
-146
-117
-90
-105
-145
-139
-114
-90
-89
-90
-79
-61
-87
-159
-175
-149
-87
-44
-107
-198
-231
-160
-64
-11
-20
-76
-125
-180
-189
-136
-40
-11
0
-28
-109
-94
-37
-70
-149
-198
-207
-155
-56
-62
-131
-142
-55
0
14
-39
-153
-215
-239
-182
-13
83
51
5
-98
-166
-211
-237
-244
-163
-62
-1
-46
-122
-175
-197
-183
-91
19
79
-25
-165
-181
-79
-118
-198
-232
-225
-148
-31
21
-7
-86
-162
-210
-188
-68
45
80
1
-99
-166
-215
-239
-210
-130
-36
7
19
46
-2
-136
-209
-236
-213
-131
-128
-133
-119
-113
-61
95
188
127
-67
-181
-222
-233
-239
-249
-245
-212
-171
-89
47
112
90
25
-49
-122
-168
-217
-236
-144
-24
39
-19
-161
-218
-240
-244
-193
-116
-48
-9
-47
-83
-58
-64
-80
-112
-107
-97
-127
-180
-197
-138
6
46
-5
-112
-189
-207
-136
-3
48
-81
-188
-229
-231
-186
-157
-66
87
110
-1
-149
-213
-238
-204
-100
-24
-26
-71
-117
-10
25
-14
-109
-197
-232
-245
-214
-158
-139
-140
-128
-116
-104
-90
-77
-84
-86
-26
23
42
46
-6
-99
-194
-231
-234
-196
-164
-149
-139
-125
-116
-114
-113
-110
-107
-102
-104
-104
-103
-101
-98
-93
-87
-82
-87
-103
-107
-106
-102
-101
-102
-108
-111
-108
-107
-106
-103
-99
-97
-102
-103
-100
-95
-96
-102
-107
-109
-107
-107
-106
-106
-105
-105
-105
-105
-104
-103
-102
-102
-102
-102
-102
-101
-100
-99
-102
-105
-107
-108
-108
-106
-105
-103
-102
-104
-106
-106
-106
-105
-105
-110
-111
-108
-104
-102
-103
-104
-106
-107
-107
-107
-107
-108
-108
-108
-108
-109
-109
-108
-108
-109
-108
-107
-106
-105
-104
-103
-100
-104
-113
-116
-115
-113
-111
-110
-111
-109
-108
-107
-105
-103
-101
-100
-99
-102
-105
-105
-106
-110
-110
-105
-104
-109
-111
-109
-107
-106
-105
-105
-104
-104
-104
-103
-102
-104
-106
-106
-102
-102
-104
-105
-106
-105
-105
-105
-105
-105
-104
-103
-101
-101
-103
-106
-107
-107
-106
-105
-104
-103
-102
-104
-105
-105
-105
-105
-105
-104
-103
-102
