-11211
-106
-106
-105
-105
-105
-105
-103
-102
-102
-102
-101
-102
-104
-105
-105
-104
-106
-106
-107
-107
-106
-106
-106
-106
-105
-105
-105
-108
-107
-107
-107
-107
-106
-105
-104
-104
-104
-105
-107
-107
-106
-105
-105
-105
-105
-105
-104
-105
-105
-104
-104
-104
-104
-104
-104
-105
-107
-107
-107
-106
-106
-105
-105
-105
-104
-104
-104
-104
-104
-106
-106
-106
-106
-105
-105
-105
-106
-107
-106
-106
-106
-106
-107
-106
-105
-105
-105
-104
-105
-105
-104
-103
-104
-105
-104
-104
-105
-106
-106
-106
-106
-107
-107
-106
-105
-106
-106
-105
-105
-105
-105
-106
-107
-106
-105
-105
-105
-106
-106
-106
-105
-105
-105
-105
-104
-105
-106
-106
-106
-106
-106
-106
-106
-106
-106
-106
-107
-106
-106
-105
-105
-105
-106
-107
-106
-106
-106
-107
-107
-107
-107
-107
-107
-107
-107
-107
-107
-107
-107
-108
-108
-107
-107
-107
-107
-107
-108
-107
-106
-106
-106
-105
-105
-105
-105
-105
-106
-106
-106
-106
-106
-106
-106
-106
-106
-106
-105
-104
-103
-103
-104
-103
-104
-105
-105
-106
-107
-107
-107
-107
-106
-107
-107
-107
-107
-106
-106
-106
-106
-106
-105
-106
-105
-105
-105
-105
-106
-105
-106
-105
-105
-106
-106
-106
-107
-106
-106
-107
-107
-106
-105
-105
-105
-105
-104
-104
-106
-105
-106
-106
-105
-105
-105
-104
-105
-105
-105
-105
-105
-105
-105
-104
-104
-104
-105
-104
-105
-105
-105
-105
-105
-106
-107
-107
-106
-106
-105
-107
-107
-107
-106
-106
-107
-107
-108
-107
-107
-107
-107
-106
-106
-106
-106
-107
-107
-106
-106
-105
-106
-106
-106
-106
-106
-106
-105
-106
-107
-107
-106
-105
-105
-105
-105
-105
-105
-106
-106
-105
-106
-107
-107
-106
-106
-107
-107
-107
-106
-107
-107
-107
-106
-105
-105
-105
-105
-105
-107
-106
-106
-105
-104
-104
-105
-106
-105
-105
-105
-105
-106
-105
-105
-105
-104
-104
-104
-104
-105
-105
-106
-106
-106
-106
-105
-105
-105
-106
-106
-106
-105
-106
-106
-106
-106
-106
-106
-107
-106
-107
-107
-106
-106
-105
-104
-103
-103
-101
-100
-102
-104
-105
-106
-107
-107
-106
-106
-106
-106
-106
-106
-106
-106
-107
-107
-107
-106
-106
-106
-106
-105
-105
-106
-105
-105
-105
-105
-105
-105
-105
-104
-105
-105
-106
-106
-106
-106
-104
-104
-104
-104
-103
-103
-104
-104
-104
-104
-104
-105
-106
-105
-106
-106
-106
-106
-106
-106
-105
-105
-105
-106
-106
-105
-106
-107
-107
-107
-108
-107
-106
-105
-105
-105
-106
-106
-105
-105
-107
-107
-107
-106
-106
-106
-106
-105
-106
-105
-105
-105
-105
-106
-106
-106
-106
-107
-107
-107
-106
-106
-105
-105
-105
-105
-105
-105
-106
-106
-107
-107
-108
-109
-109
-109
-106
-104
-104
-104
-106
-108
-109
-106
-103
-102
-103
-105
-106
-108
-109
-110
-109
-106
-106
-106
-109
-114
-113
-102
-91
-92
-97
-101
-104
-104
-105
-107
-108
-110
-114
-123
-131
-133
-123
-97
-80
-79
-82
-88
-93
-96
-98
-100
-102
-103
-102
-109
-119
-128
-129
-123
-115
-100
-87
-85
-89
-96
-100
-99
-101
-109
-115
-117
-117
-112
-107
-109
-111
-111
-110
-110
-106
-105
-120
-133
-126
-106
-92
-88
-88
-82
-78
-80
-92
-111
-128
-135
-125
-100
-93
-93
-96
-98
-104
-105
-102
-96
-98
-102
-100
-98
-102
-110
-113
-116
-114
-115
-125
-127
-116
-96
-80
-79
-91
-109
-124
-126
-114
-102
-99
-103
-105
-105
-109
-115
-130
-142
-140
-122
-100
-105
-116
-112
-105
-91
-74
-67
-74
-85
-89
-91
-98
-107
-116
-120
-122
-122
-124
-110
-100
-107
-110
-100
-89
-83
-91
-92
-82
-71
-81
-110
-122
-124
-121
-126
-118
-102
-89
-96
-104
-120
-131
-112
-85
-78
-86
-93
-90
-99
-125
-145
-153
-157
-146
-137
-147
-144
-112
-82
-81
-92
-100
-94
-68
-50
-52
-73
-90
-106
-110
-115
-124
-139
-150
-156
-152
-135
-95
-61
-42
-32
-37
-41
-65
-91
-111
-128
-147
-161
-159
-147
-121
-102
-87
-73
-70
-71
-69
-85
-121
-135
-127
-108
-98
-120
-152
-143
-107
-89
-99
-99
-91
-84
-95
-123
-123
-92
-76
-90
-109
-110
-115
-125
-111
-91
-91
-100
-117
-119
-120
-128
-119
-84
-48
-60
-122
-167
-170
-158
-118
-86
-78
-74
-82
-84
-64
-54
-84
-96
-90
-59
-56
-117
-162
-153
-124
-115
-123
-121
-98
-91
-90
-70
-37
-65
-130
-155
-135
-96
-69
-79
-101
-117
-112
-105
-123
-158
-176
-163
-137
-92
-64
-88
-94
-75
-61
-57
-93
-124
-146
-204
-214
-129
-55
-27
5
30
-22
-126
-180
-201
-216
-180
-118
-72
-52
-58
-107
-159
-164
-149
-121
-97
-66
-35
-40
-72
-139
-168
-95
-28
-31
-73
-124
-146
-132
-150
-159
-107
-94
-131
-135
-136
-139
-139
-145
-118
-34
14
23
13
-20
-131
-207
-236
-197
-126
-64
-32
-10
-40
-94
-131
-145
-154
-179
-173
-119
-41
6
-24
-94
-131
-126
-116
-87
-62
-66
-131
-186
-181
-143
-125
-137
-147
-141
-112
-66
-63
-78
-93
-100
-134
-155
-126
-62
-13
-8
-82
-149
-191
-189
-143
-93
-86
-122
-140
-118
-74
-15
21
-17
-89
-132
-180
-181
-146
-142
-144
-143
-122
-61
-8
-7
-89
-143
-175
-178
-169
-155
-82
-21
-6
-35
-96
-110
-116
-111
-87
-53
-86
-126
-116
-46
-4
-61
-154
-185
-194
-203
-192
-138
-89
-73
-110
-137
-143
-128
-79
-29
31
78
15
-77
-123
-150
-197
-232
-234
-203
-181
-143
-110
-116
-108
-127
-133
-59
32
8
-64
-121
-167
-159
-123
-117
-146
-165
-153
-131
-67
22
39
2
-74
-176
-222
-200
-156
-128
-112
-109
-119
-117
-103
-94
-58
-2
-10
-78
-152
-195
-203
-168
-76
9
-6
-90
-165
-175
-154
-128
-92
-98
-90
-80
-106
-150
-163
-138
-81
-28
-42
-64
-46
-78
-116
-137
-164
-163
-161
-138
-61
9
-9
-109
-180
-166
-144
-163
-151
-88
-43
-47
-116
-144
-108
-80
-77
-84
-78
-46
-30
-53
-151
-188
-180
-182
-164
-122
-75
-52
-92
-142
-116
-80
-53
-54
-97
-159
-170
-127
-91
-86
-76
-99
-152
-186
-141
-99
-107
-79
-80
-109
-102
-73
-45
-43
-88
-128
-106
-104
-124
-127
-118
-100
-81
-81
-134
-161
-123
-96
-105
-114
-88
-54
-112
-124
-52
-27
-80
-145
-190
-164
-85
-41
-77
-132
-149
-135
-102
-80
-67
-105
-168
-168
-120
-66
-42
-46
-102
-157
-152
-120
-120
-76
-45
-63
-82
-93
-117
-120
-140
-164
-145
-122
-120
-101
-96
-126
-104
-60
-50
-68
-102
-142
-145
-90
-58
-68
-121
-141
-128
-113
-125
-129
-110
-108
-104
-110
-116
-88
-69
-92
-104
-94
-91
-63
-74
-126
-151
-126
-93
-88
-111
-162
-170
-124
-81
-87
-94
-53
-41
-81
-77
-29
-39
-151
-215
-202
-152
-134
-121
-95
-94
-79
-38
-59
-101
-110
-97
-121
-165
-172
-107
-75
-69
-66
-105
-129
-109
-80
-105
-149
-163
-148
-88
-60
-30
-17
-32
-110
-180
-177
-143
-109
-103
-92
-85
-132
-157
-156
-94
-35
-32
-81
-130
-141
-89
-41
-54
-104
-155
-176
-143
-135
-133
-97
-60
-49
-63
-111
-144
-141
-82
-54
-72
-82
-104
-110
-129
-107
-74
-93
-142
-118
-50
-93
-156
-154
-134
-134
-127
-106
-100
-111
-108
-67
-34
-51
-42
-22
-44
-101
-160
-157
-129
-132
-131
-157
-193
-187
-94
22
-5
-86
-36
42
-7
-129
-205
-226
-187
-129
-111
-115
-73
-37
-53
-92
-126
-84
-43
-38
-72
-139
-197
-227
-218
-153
-104
-85
-67
-3
13
-62
-152
-187
-181
-156
-137
-106
-92
-102
-120
-152
-135
-91
-76
-38
13
8
-64
-149
-213
-219
-156
-135
-156
-146
-108
-98
-86
-35
16
-16
-86
-135
-195
-227
-233
-178
-65
21
35
-36
-87
-71
-76
-102
-156
-214
-237
-206
-130
-16
28
-25
-114
-141
-117
-87
-80
-93
-74
-22
9
-46
-136
-171
-207
-236
-223
-122
-6
54
3
-126
-205
-235
-247
-216
-131
-33
24
32
-32
-73
-103
-178
-190
-131
-72
-55
-30
26
-24
-157
-216
-234
-210
-165
-100
-73
-56
36
62
25
-17
-134
-208
-196
-109
-114
-135
-139
-144
-124
-104
-150
-215
-149
-3
-25
-110
-123
-88
-96
-100
-107
-138
-172
-189
-154
-104
-84
-86
-127
-173
-179
-161
-122
-81
-52
5
33
41
27
-26
-125
-194
-205
-161
-119
-134
-94
-30
-40
-111
-192
-231
-225
-111
25
83
35
-71
-99
-57
-56
-129
-165
-147
-119
-114
-148
-167
-164
-122
-41
25
-27
-158
-216
-167
-87
-8
36
48
-44
-71
-94
-124
-98
28
24
-101
-176
-101
-34
-21
-141
-211
-237
-248
-252
-215
-88
30
104
123
112
-38
-149
-208
-236
-247
-214
-147
-51
-61
-100
-153
-155
-108
-7
-12
-38
-81
-119
-143
-174
-154
-37
7
-54
-143
-68
5
-81
-175
-194
-122
-132
-199
-232
-194
-46
66
43
-123
-203
-232
-160
-13
43
-19
-78
-92
-80
-143
-138
6
82
-71
-183
-147
-81
-52
-50
-71
-173
-223
-242
-249
-198
-41
108
26
-100
-96
2
-49
-153
-214
-239
-248
-181
-105
-108
-48
6
-82
-172
-117
-26
40
10
-93
-192
-197
-90
-80
-116
-156
-190
-210
-207
-169
-29
43
130
16
-148
-213
-238
-230
-104
34
58
9
-67
-175
-223
-146
-3
91
19
-126
-194
-203
-223
-242
-230
-127
-50
-76
-32
-9
-65
-14
-13
-82
-56
-85
-147
-184
-197
-113
-55
-86
-177
-225
-243
-212
-85
-7
-7
-96
-77
-24
-2
-15
-98
-177
-136
17
72
-43
-174
-223
-242
-206
-184
-149
-81
-59
23
143
209
66
-129
-205
-235
-247
-243
-180
-32
70
20
-92
-165
-196
-189
-168
-147
-80
-1
19
-31
-112
-189
-124
-37
10
-102
-197
-232
-246
-238
-145
-16
0
-61
-20
118
120
10
-145
-190
-224
-243
-249
-188
-124
-13
67
47
-6
-46
-68
-82
-138
-205
-168
-77
-27
-148
-214
-211
-62
7
17
54
-56
-176
-207
-63
50
-99
-195
-231
-243
-145
22
91
96
70
-5
-142
-210
-237
-215
-200
-71
-90
-191
-130
82
160
16
-143
-185
-212
-238
-226
-99
-68
-94
-70
-75
-146
-141
-98
-59
64
91
20
-75
-113
-178
-223
-242
-250
-207
-136
-49
52
52
-69
-131
-7
78
13
-120
-199
-227
-216
-218
-139
-86
-108
-100
-78
-95
-86
-98
-81
-67
-7
-22
-118
-169
-119
-113
-131
-73
-10
-58
-165
-220
-230
-147
-21
23
-37
-144
-155
-84
-84
-153
-120
-51
-37
-75
-150
-165
-141
-103
-71
-52
-32
-24
-22
-18
-78
-174
-223
-242
-229
-141
-70
-55
-18
43
127
91
-83
-188
-228
-241
-245
-176
-109
-119
-151
-180
-194
-139
-5
145
117
-19
-157
-177
-60
7
-77
-185
-227
-233
-187
-143
-98
-70
-43
5
86
37
-123
-202
-208
-103
30
8
-100
-182
-198
-204
-174
-137
-110
-115
-109
-59
-28
-79
-115
-95
-34
-26
-82
-90
-55
-141
-206
-173
-171
-157
-94
-62
-57
-33
-36
-72
-85
-41
-23
-86
-104
-122
-132
-145
-120
-114
-145
-134
-56
-16
-42
-105
-147
-174
-142
-116
-108
-53
18
27
-46
-94
-87
-113
-154
-170
-169
-137
-60
-72
-126
-103
-90
-87
-71
-62
-82
-136
-157
-139
-82
-38
25
-21
-105
-118
-97
-131
-157
-140
-137
-164
-161
-143
-126
-61
-17
-19
-31
-59
-111
-121
-76
-111
-71
-50
-106
-161
-170
-127
-107
-111
-143
-157
-126
-108
-113
-99
-15
30
-13
-53
-128
-157
-152
-164
-139
-105
-120
-129
-101
-114
-150
-132
-88
-89
-75
-38
0
11
-70
-174
-170
-128
-85
-90
-134
-169
-158
-118
-60
-36
-111
-162
-157
-113
-7
53
-12
-116
-150
-147
-170
-183
-179
-162
-145
-131
-104
-75
-30
-4
-57
-106
-52
-30
-65
-134
-177
-193
-163
-119
-103
-137
-156
-138
-112
-98
-108
-92
-51
-37
-49
-71
-60
-54
-79
-132
-170
-190
-183
-154
-128
-107
-88
-98
-124
-113
-87
-96
-83
-63
-80
-112
-119
-107
-74
-46
-31
-68
-122
-128
-113
-144
-196
-191
-165
-137
-71
-14
-52
-126
-131
-96
-79
-73
-70
-42
-59
-80
-108
-162
-187
-183
-161
-108
-100
-137
-148
-138
-113
-86
-76
-33
56
24
-57
-150
-214
-201
-144
-110
-117
-114
-116
-144
-140
-115
-96
-124
-122
-91
-92
-65
-10
-9
-34
-83
-149
-191
-190
-173
-148
-122
-102
-103
-119
-128
-103
-35
7
-12
-99
-165
-143
-136
-153
-147
-120
-103
-107
-118
-114
-124
-115
-72
-48
-91
-107
-102
-85
-87
-128
-153
-156
-152
-135
-112
-114
-116
-103
-95
-85
-60
-39
-71
-123
-167
-156
-127
-112
-119
-122
-111
-102
-98
-100
-96
-100
-106
-93
-105
-141
-104
-67
-68
-104
-128
-122
-133
-169
-186
-142
-106
-93
-43
-24
-107
-141
-120
-92
-100
-148
-156
-154
-133
-94
-38
-71
-125
-142
-133
-122
-120
-128
-140
-121
-72
-41
-98
-130
-158
-134
-93
-131
-144
-122
-119
-120
-113
-92
-86
-85
-75
-110
-115
-125
-155
-143
-88
-69
-85
-111
-102
-89
-119
-116
-73
-85
-141
-134
-111
-151
-159
-139
-133
-115
-97
-98
-112
-106
-105
-67
-96
-146
-168
-144
-113
-79
-25
-61
-128
-125
-104
-61
-26
-66
-133
-166
-174
-166
-142
-135
-126
-121
-112
-115
-130
-128
-95
-69
-84
-125
-98
-56
-44
-77
-114
-129
-122
-101
-142
-143
-131
-128
-118
-114
-130
-123
-110
-118
-106
-87
-65
-102
-135
-126
-117
-105
-100
-107
-115
-112
-83
-105
-161
-167
-144
-121
-113
-86
-73
-77
-80
-47
-20
-85
-134
-158
-179
-176
-167
-145
-98
-67
-102
-122
-123
-126
-108
-84
-83
-119
-133
-119
-110
-84
-81
-81
-71
-71
-103
-165
-137
-75
-47
-80
-166
-189
-157
-146
-139
-117
-100
-91
-68
-46
-61
-110
-88
-29
-29
-82
-117
-126
-151
-160
-139
-139
-145
-146
-149
-133
-112
-71
-44
-88
-149
-146
-131
-120
-97
-73
-90
-106
-101
-118
-98
-49
-110
-163
-149
-95
-70
-92
-105
-149
-146
-130
-102
-80
-98
-127
-97
-70
-79
-116
-136
-140
-129
-83
-47
-117
-154
-136
-129
-139
-134
-98
-68
-38
-43
-92
-121
-112
-124
-118
-134
-148
-124
-101
-85
-65
-120
-178
-169
-88
-53
-60
-60
-84
-136
-155
-115
-84
-112
-146
-162
-139
-91
-81
-102
-112
-101
-84
-89
-110
-114
-128
-145
-134
-118
-111
-125
-115
-73
-4
0
-39
-65
-99
-168
-164
-131
-98
-100
-127
-166
-174
-155
-133
-112
-102
-100
-71
-32
-74
-139
-129
-86
-82
-123
-95
-88
-122
-154
-154
-142
-123
-102
-90
-72
-51
-66
-97
-136
-122
-66
-63
-73
-45
-123
-178
-181
-173
-141
-109
-116
-110
-97
-94
-95
-70
-91
-137
-143
-140
-92
-40
-4
-50
-129
-148
-135
-112
-104
-112
-166
-144
-122
-125
-104
-103
-98
-94
-83
-89
-74
-39
-31
-117
-163
-153
-128
-91
-91
-102
-82
-97
-104
-101
-112
-160
-167
-136
-67
-46
-78
-90
-108
-90
-87
-145
-142
-126
-103
-100
-74
-89
-133
-164
-153
-98
-65
-85
-88
-108
-116
-87
-46
-118
-163
-141
-105
-90
-104
-123
-104
-66
-57
-48
-97
-157
-134
-50
-38
-140
-199
-188
-127
-73
-87
-140
-131
-72
-21
-64
-142
-155
-129
-86
-53
-81
-78
-90
-121
-136
-115
-84
-103
-149
-128
-77
-41
-85
-123
-145
-144
-106
-76
-97
-101
-52
-85
-157
-140
-81
-34
-55
-80
-114
-142
-150
-172
-139
-90
-84
-116
-123
-88
-65
-38
-74
-138
-152
-97
-80
-113
-144
-156
-150
-92
-48
-34
-100
-138
-106
-26
-41
-99
-127
-156
-97
-21
-91
-166
-198
-163
-99
-75
-77
-80
-81
-82
-56
-49
-100
-124
-107
-66
-54
-108
-112
-141
-183
-210
-195
-160
-107
-70
-89
-116
-109
-69
-66
-95
-63
-63
-121
-159
-160
-118
-133
-146
-108
-94
-102
-78
-58
-52
-84
-153
-139
-76
-27
-68
-118
-127
-128
-129
-100
-113
-144
-113
-79
-106
-94
-103
-103
-109
-117
-114
-61
-74
-126
-96
-65
-88
-97
-98
-122
-147
-151
-111
-107
-81
-33
-7
-27
-77
-109
-110
-146
-179
-144
-135
-163
-154
-127
-103
-68
-20
-59
-138
-111
-78
-58
-42
-67
-88
-58
-48
-76
-135
-159
-131
-104
-120
-115
-120
-148
-143
-105
-45
-45
-67
-115
-84
-17
-87
-190
-185
-149
-119
-84
-143
-163
-150
-133
-110
-98
-92
-84
-46
38
41
-73
-154
-171
-156
-111
-113
-186
-201
-163
-111
-80
-81
-75
-104
-88
-85
-116
-102
-64
-24
-21
-86
-125
-151
-141
-117
-94
-108
-154
-165
-152
-132
-105
-89
-105
-125
-96
-76
-96
-134
-136
-100
-24
16
-22
-107
-108
-138
-181
-196
-152
-83
-73
-98
-155
-125
-82
-120
-146
-152
-136
-107
-64
-21
45
16
-89
-100
-43
-58
-146
-202
-192
-168
-152
-110
-63
-27
-48
-93
-131
-142
-133
-150
-142
-87
-48
-80
-117
-139
-142
-103
-30
1
-35
-116
-164
-116
-50
-50
-133
-152
-148
-163
-160
-150
-152
-129
-111
-116
-85
-56
-62
-110
-140
-98
-60
-115
-129
-103
-78
-71
-39
-9
-34
-120
-189
-174
-161
-148
-105
-111
-152
-142
-132
-105
-76
-62
-40
-56
-94
-88
-51
-52
-145
-188
-175
-148
-154
-100
-50
-77
-113
-121
-137
-145
-103
-70
-74
-83
-84
-45
-6
-76
-108
-98
-102
-146
-198
-193
-112
-87
-174
-201
-169
-91
-25
-24
-48
-34
33
121
142
3
-150
-213
-238
-245
-196
-154
-172
-180
-152
-116
-116
-138
-123
-83
-21
59
33
43
39
22
-59
-127
-184
-227
-238
-248
-252
-210
-126
-96
-135
-128
-107
-80
7
103
145
63
-6
-122
-202
-224
-203
-205
-197
-185
-178
-155
-155
-140
-111
-49
13
100
176
136
35
-61
-173
-222
-242
-250
-252
-203
-123
-69
-85
-91
-82
-53
-34
-36
-26
-11
-78
-111
-63
-36
-66
-116
-194
-231
-245
-227
-154
-62
-9
-29
-47
-19
1
-55
-122
-102
-96
-71
-32
12
-49
-172
-222
-240
-210
-198
-179
-134
-81
-59
-44
-55
-78
-67
18
73
27
-73
-147
-203
-207
-173
-150
-207
-221
-200
-169
-108
-78
-106
-133
-95
-69
-26
2
20
29
-27
-44
-97
-127
-129
-111
-119
-196
-232
-246
-204
-128
-91
-63
21
60
-32
-126
-123
-89
-82
-45
-16
13
-19
-149
-213
-238
-215
-165
-125
-73
-23
10
55
-70
-184
-188
-125
-116
-136
-150
-154
-168
-122
-63
-71
-119
-123
-75
-42
-24
10
13
-63
-148
-213
-233
-236
-217
-140
-118
-129
-125
-73
13
84
-8
-57
-65
-63
-72
-123
-178
-190
-149
-133
-168
-221
-208
-37
100
78
-58
-177
-224
-234
-159
-71
29
30
-41
-97
-134
-168
-199
-190
-165
-157
-170
-145
-54
3
8
-72
-156
-131
-33
26
-27
-128
-204
-234
-166
-99
-120
-191
-220
-168
-97
-48
-29
-28
-27
31
28
-29
-115
-177
-201
-170
-144
-136
-169
-203
-160
-76
-46
-74
-63
24
51
-1
-87
-161
-196
-228
-213
-154
-97
-88
-133
-201
-233
-231
-138
40
168
214
85
-104
-194
-230
-238
-174
-102
-84
-144
-187
-190
-164
-68
18
88
141
20
-115
-178
-131
-93
-103
-126
-147
-158
-173
-126
-82
-165
-192
-212
-206
-108
32
70
-1
-80
-116
-39
-35
-111
-165
-217
-240
-243
-242
-211
-133
-50
0
59
71
69
71
-42
-167
-220
-241
-243
-159
-49
7
-42
-153
-215
-197
-80
30
1
-95
-170
-219
-241
-239
-171
-15
103
101
6
-63
-56
-78
-177
-224
-241
-213
-183
-155
-163
-160
-112
-30
40
83
2
-45
20
57
-50
-176
-223
-242
-250
-211
-132
-98
-79
-64
-72
-104
-119
-36
36
104
114
5
-114
-198
-232
-184
-116
-106
-157
-170
-138
-133
-166
-196
-206
-157
-15
88
110
10
-147
-187
-138
-131
-120
-145
-176
-190
-183
-164
-148
-131
-102
-50
43
75
25
17
25
-14
-57
-150
-213
-238
-248
-229
-193
-157
-132
-114
-105
-101
-98
-96
-98
-99
-98
-95
-89
-73
-40
-15
-45
-100
-123
-123
-130
-141
-130
-98
-86
-96
-103
-107
-109
-107
-105
-105
-100
-99
-105
-106
-102
-101
-100
-99
-98
-99
-98
-98
-98
-98
-96
-94
-91
-96
-98
-99
-100
-105
-105
-103
-101
-100
-96
-95
-97
-101
-104
-104
-103
-103
-103
-102
-102
-102
-102
-100
-100
-101
-100
-99
-96
-94
-93
-96
-102
-106
-107
-104
-101
-100
-100
-100
-100
-100
-101
-103
-104
-105
-105
-105
-104
-104
-104
-104
-104
-104
-104
-103
-103
-104
-104
-104
-104
-104
-105
-105
-105
-104
-104
-105
-105
-104
-105
-105
-106
-106
-107
-105
-104
-104
-104
-106
-106
-105
-104
-105
-104
-104
-104
-104
-104
-105
-105
-105
-105
-105
-105
-105
-105
-106
-106
-106
-105
-104
-106
-107
-106
-106
-106
-106
-107
-107
-107
-107
-107
-108
-108
-107
-107
-109
-109
-107
-107
-107
-108
-108
-108
-108
-108
-108
-108
-108
-108
-108
-107
-107
-107
-107
-107
-107
-108
-109
-108
-107
-107
-106
-105
-105
-106
-107
-108
-108
-107
-108
-107
-106
-106
-107
-106
-106
-106
-106
-106
-107
-107
-109
-108
-108
-107
-107
-108
-108
-108
-108
-108
-106
-107
-107
-108
-108
-108
-108
-108
-109
-108
-108
-108
-108
-107
-106
-107
-107
-108
-108
-108
-108
-108
-109
-109
-109
-108
-109
-108
-108
-108
-107
-106
-105
-104
-103
-104
-104
-104
-106
-106
-107
-108
-108
-108
-109
-109
-108
-108
-109
-109
-108
-109
-109
-108
-108
-109
-109
-109
-108
-109
-109
-109
-109
-109
-108
-108
-108
-107
-106
-106
-106
-106
-106
-107
-108
-108
-107
-108
-108
-108
-108
-108
-108
-107
-108
-108
-107
-108
-107
-107
-107
-107
-106
-107
-107
-107
-107
-106
-106
-106
-107
-108
-108
-109
-107
-107
-107
-107
-107
-108
-108
-108
-107
-106
-107
-108
-108
-108
-109
-109
-109
-108
-108
-109
-109
-108
-108
-108
-108
-107
-107
-107
-108
-108
-107
-108
-109
-109
-108
-108
-108
-108
-109
-109
-109
-109
-108
-108
-108
-109
-109
-109
-108
-109
-108
-106
-106
-108
-109
-108
-107
-107
-106
-106
-106
-107
-107
-106
-106
-106
-106
-106
-106
-108
-108
-107
-106
-106
-107
-108
-108
-107
-106
-106
-106
-106
-106
-106
-106
-106
-107
-107
-107
-108
-112
-115
-116
-111
-103
-97
-97
-100
-102
-106
-107
-107
-108
-110
-110
-111
-110
-110
-110
-109
-109
-109
-110
-109
-110
-110
-110
-109
-109
-109
-109
-109
-109
-108
-110
-110
-109
-109
-109
-110
-109
-109
-109
-109
-109
-109
-109
-109
-108
-109
-109
-109
-108
-108
-109
-109
-109
-108
-108
-108
-107
-108
-108
-108
-107
-106
-105
-105
-105
-105
-106
-106
-107
-107
-107
-106
-106
-105
-105
-106
-107
