-11632
-107
-107
-107
-108
-107
-107
-107
-106
-106
-107
-106
-105
-105
-105
-104
-104
-105
-104
-105
-106
-106
-106
-106
-106
-105
-105
-105
-105
-105
-104
-104
-104
-104
-103
-104
-105
-106
-105
-105
-105
-104
-104
-105
-105
-104
-104
-104
-105
-105
-105
-104
-105
-105
-105
-106
-105
-105
-105
-105
-106
-104
-103
-104
-105
-105
-104
-104
-105
-104
-104
-106
-106
-106
-105
-106
-106
-106
-105
-104
-105
-105
-105
-105
-105
-105
-105
-105
-105
-104
-104
-104
-103
-103
-103
-104
-104
-104
-104
-103
-104
-104
-104
-102
-101
-99
-99
-98
-98
-100
-102
-103
-104
-104
-105
-105
-105
-105
-105
-104
-103
-104
-104
-106
-105
-105
-105
-105
-103
-104
-105
-105
-105
-105
-105
-105
-104
-105
-105
-105
-104
-103
-103
-103
-104
-104
-104
-105
-105
-105
-104
-103
-103
-104
-105
-105
-105
-104
-104
-104
-104
-103
-104
-104
-105
-104
-103
-104
-105
-104
-105
-105
-106
-106
-105
-106
-106
-107
-106
-105
-105
-105
-104
-104
-104
-104
-104
-104
-105
-105
-105
-106
-107
-106
-106
-106
-106
-105
-105
-104
-104
-104
-106
-105
-105
-104
-104
-104
-105
-105
-104
-104
-105
-106
-106
-105
-105
-105
-105
-105
-105
-105
-106
-106
-105
-106
-106
-106
-106
-106
-106
-106
-105
-104
-103
-103
-103
-103
-103
-103
-103
-103
-103
-103
-103
-103
-103
-104
-105
-105
-106
-106
-106
-106
-106
-105
-105
-105
-105
-105
-105
-105
-104
-104
-105
-103
-103
-104
-105
-105
-105
-105
-105
-105
-105
-104
-103
-104
-105
-106
-106
-106
-105
-105
-105
-106
-106
-106
-106
-106
-106
-105
-105
-104
-104
-104
-104
-104
-105
-105
-106
-105
-106
-105
-106
-106
-105
-104
-103
-102
-102
-102
-103
-105
-105
-105
-105
-106
-107
-107
-107
-106
-106
-105
-104
-105
-105
-107
-107
-106
-107
-106
-105
-104
-104
-104
-104
-104
-104
-104
-104
-105
-105
-105
-105
-104
-103
-103
-102
-102
-103
-103
-102
-102
-102
-104
-103
-103
-104
-103
-103
-102
-103
-103
-104
-104
-104
-103
-103
-103
-103
-102
-103
-103
-104
-105
-105
-105
-105
-104
-105
-104
-103
-104
-104
-104
-104
-104
-104
-104
-104
-104
-104
-105
-106
-105
-105
-105
-105
-106
-106
-106
-104
-103
-104
-104
-104
-104
-104
-105
-106
-105
-105
-105
-105
-105
-105
-105
-105
-104
-104
-102
-103
-103
-103
-102
-103
-104
-104
-104
-105
-106
-105
-104
-105
-105
-105
-104
-104
-104
-104
-103
-104
-104
-103
-103
-104
-105
-106
-105
-104
-104
-104
-104
-105
-105
-104
-104
-105
-104
-105
-105
-105
-104
-104
-103
-100
-97
-98
-99
-102
-106
-108
-108
-108
-108
-107
-107
-105
-105
-106
-106
-105
-104
-105
-105
-104
-103
-105
-105
-105
-105
-104
-103
-103
-102
-101
-100
-100
-100
-100
-100
-100
-101
-102
-104
-105
-104
-104
-105
-104
-104
-105
-105
-105
-105
-105
-104
-104
-104
-104
-104
-104
-104
-104
-104
-104
-104
-103
-103
-103
-103
-104
-104
-104
-105
-104
-104
-104
-103
-103
-103
-103
-102
-103
-102
-102
-102
-103
-103
-102
-102
-103
-103
-104
-104
-104
-104
-103
-103
-103
-103
-103
-103
-103
-102
-101
-101
-102
-102
-102
-103
-103
-103
-103
-103
-103
-104
-104
-104
-105
-105
-105
-104
-104
-104
-104
-104
-104
-104
-104
-104
-104
-103
-102
-103
-103
-104
-103
-101
-102
-104
-104
-104
-105
-105
-105
-104
-103
-104
-104
-104
-104
-106
-106
-105
-104
-104
-104
-104
-104
-103
-104
-105
-106
-105
-104
-104
-104
-105
-105
-105
-105
-105
-104
-105
-104
-104
-103
-103
-103
-104
-105
-106
-105
-105
-103
-105
-105
-105
-106
-105
-106
-106
-105
-107
-107
-107
-106
-105
-105
-106
-107
-109
-113
-117
-119
-119
-112
-105
-101
-98
-93
-91
-92
-95
-98
-100
-102
-103
-105
-107
-106
-106
-107
-107
-109
-108
-107
-104
-103
-103
-100
-100
-101
-104
-108
-110
-107
-103
-105
-106
-104
-102
-102
-104
-106
-106
-107
-108
-112
-122
-129
-130
-120
-106
-106
-118
-124
-113
-92
-77
-82
-95
-93
-95
-106
-120
-125
-111
-107
-128
-154
-165
-144
-107
-87
-90
-79
-71
-71
-76
-84
-90
-95
-98
-103
-108
-105
-107
-113
-120
-122
-113
-117
-113
-111
-123
-121
-114
-107
-104
-103
-88
-83
-81
-93
-108
-112
-116
-115
-111
-115
-127
-138
-121
-106
-97
-94
-80
-67
-84
-99
-101
-105
-112
-121
-122
-100
-78
-68
-96
-115
-128
-114
-106
-114
-140
-157
-155
-151
-147
-148
-126
-100
-85
-63
-53
-87
-149
-167
-127
-87
-89
-112
-127
-123
-101
-72
-78
-129
-157
-157
-129
-90
-70
-72
-73
-81
-94
-83
-86
-87
-72
-50
-74
-116
-148
-160
-162
-152
-140
-142
-151
-157
-129
-85
-79
-94
-96
-92
-71
-76
-102
-99
-90
-106
-143
-170
-153
-127
-117
-111
-98
-103
-94
-75
-80
-121
-141
-128
-113
-94
-68
-64
-111
-159
-122
-86
-95
-83
-92
-128
-139
-127
-110
-105
-110
-104
-95
-93
-90
-83
-71
-95
-166
-206
-169
-78
-32
-94
-156
-129
-89
-50
-44
-113
-160
-188
-183
-129
-50
-39
-64
-105
-138
-149
-158
-153
-118
-73
-37
-37
-56
-92
-89
-115
-160
-173
-154
-137
-103
-70
-88
-113
-131
-144
-129
-109
-99
-88
-93
-112
-128
-112
-68
-61
-63
-93
-128
-153
-159
-131
-105
-113
-142
-147
-131
-118
-96
-81
-100
-89
-40
-46
-93
-123
-128
-125
-132
-157
-160
-112
-79
-70
-77
-85
-114
-116
-106
-69
-35
-43
-101
-185
-197
-144
-109
-98
-79
-103
-144
-151
-139
-101
-53
-34
-16
-23
-123
-191
-129
-40
-57
-134
-151
-124
-93
-118
-147
-145
-131
-103
-78
-99
-87
-49
-34
-45
-94
-151
-158
-136
-150
-182
-167
-117
-93
-47
-21
-74
-129
-140
-108
-76
-70
-90
-130
-167
-100
-30
-14
-50
-82
-151
-199
-161
-114
-87
-87
-94
-94
-113
-133
-142
-146
-168
-168
-75
13
-2
-100
-157
-127
-115
-127
-136
-129
-104
-92
-107
-121
-119
-84
-47
-61
-114
-114
-94
-75
-62
-71
-138
-162
-78
-55
-100
-170
-179
-133
-95
-73
-83
-122
-167
-149
-105
-77
-62
-39
-51
-119
-145
-107
-80
-74
-38
-60
-126
-135
-140
-192
-227
-198
-128
-53
-36
-33
-9
-32
-75
-102
-159
-190
-159
-80
-46
-87
-140
-156
-161
-137
-134
-106
-37
-1
-36
-93
-110
-67
-59
-96
-151
-199
-150
-99
-110
-161
-167
-109
-45
-4
26
-38
-163
-219
-181
-41
22
28
17
-79
-172
-158
-166
-207
-219
-193
-149
-85
-55
-83
-101
-61
-37
-37
-36
-37
-46
-71
-118
-163
-196
-208
-204
-194
-128
-60
-8
8
-26
-48
-77
-136
-157
-140
-74
-53
-92
-148
-196
-162
-79
-37
-20
-101
-184
-177
-125
-35
35
8
-86
-182
-224
-176
-132
-106
-67
-68
-106
-136
-85
-35
3
-23
-102
-133
-147
-202
-221
-182
-114
-64
-40
-32
-44
-58
-79
-97
-110
-112
-103
-92
-116
-131
-63
-60
-110
-148
-132
-130
-166
-149
-72
-21
-74
-166
-195
-165
-114
-43
24
3
-82
-183
-225
-147
-4
89
106
-13
-158
-216
-239
-196
-126
-99
-97
-100
-83
-36
7
-8
-124
-204
-214
-119
4
-17
-147
-205
-159
-131
-150
-149
-93
-68
-49
-24
-63
-108
-104
-102
-135
-110
-91
-99
-96
-94
-105
-146
-158
-138
-117
-118
-148
-162
-145
-60
-30
-62
-64
-54
-37
-53
-134
-174
-144
-127
-144
-158
-160
-120
-57
-28
-106
-139
-37
-2
-18
-41
-116
-196
-221
-192
-176
-150
-112
-61
-58
-116
-111
-59
-5
-52
-131
-206
-231
-189
-136
-117
-125
-141
-126
-104
-100
-96
-58
7
7
-38
-114
-177
-177
-114
-46
-30
-46
-101
-186
-196
-155
-139
-144
-151
-110
-101
-116
-60
-10
-6
-25
-100
-195
-225
-158
-91
-104
-128
-106
-81
-44
-37
-29
-36
-69
-151
-193
-179
-193
-170
-17
64
22
-61
-159
-187
-162
-118
-55
-64
-132
-168
-141
-115
-96
-72
-43
-113
-185
-208
-153
-21
38
-21
-124
-202
-234
-242
-178
-85
-28
-4
-18
-86
-179
-175
-101
-95
-126
-130
-139
-159
-170
-132
-38
62
82
-41
-162
-176
-148
-157
-155
-147
-102
-20
18
-17
-86
-160
-216
-239
-202
-89
-37
-7
-17
-59
-95
-100
-104
-130
-146
-96
14
-1
-124
-169
-171
-177
-165
-138
-106
-78
-128
-142
-86
-90
-125
-69
-15
-58
-156
-193
-137
-89
-44
-48
-63
-93
-134
-149
-189
-162
-84
-104
-144
-152
-135
-113
-80
-71
-112
-50
2
38
19
-137
-207
-176
-138
-119
-111
-116
-137
-157
-173
-162
-117
-64
-64
-84
-115
-153
-108
-58
-45
-67
-110
-104
-69
-83
-119
-160
-218
-240
-249
-223
-115
70
143
93
-4
-110
-149
-138
-167
-159
-159
-181
-212
-238
-221
-54
84
99
57
11
-91
-88
-76
-138
-207
-236
-238
-79
64
121
58
-87
-172
-222
-179
-126
-151
-126
-89
-122
-124
-90
-21
19
98
38
-58
-95
-186
-227
-180
-101
-75
21
7
-106
-151
-160
-36
79
1
-156
-216
-239
-100
-31
-72
-75
-93
-72
-148
-213
-236
-209
-64
4
-84
-129
-202
-217
-90
19
48
-29
-104
-55
-12
-17
-138
-209
-237
-248
-252
-254
-144
67
180
126
-41
-171
-208
-63
35
-17
-39
-134
-168
-162
-217
-221
-124
-159
-180
-104
-31
-32
24
33
-92
-191
-200
-71
-6
-24
-101
-177
-179
-58
-50
-110
-96
-86
-138
-200
-233
-206
-64
117
165
53
-128
-204
-235
-143
-53
-16
-1
-29
-82
-175
-174
-127
-150
-213
-192
-171
-173
-169
-59
102
125
41
-14
-101
-132
-204
-211
-110
-122
-201
-214
-208
-141
-27
97
121
28
-81
-187
-228
-196
-179
-225
-119
58
178
160
-72
-183
-226
-243
-217
-102
3
131
166
219
177
-62
-178
-224
-242
-194
-59
-8
-112
-185
-227
-244
-218
-94
75
185
183
92
-65
-171
-152
-146
-81
-91
-135
-181
-176
-81
-60
-172
-222
-242
-182
63
180
222
156
14
-96
-183
-226
-243
-239
-137
-173
-153
-49
-116
-202
-234
-247
-175
51
175
223
76
-64
-32
32
-11
-159
-216
-219
-130
-58
-152
-215
-239
-249
-180
71
183
225
140
0
-108
-196
-231
-245
-251
-254
-220
-29
31
-15
-60
-49
-17
-43
-81
-163
-219
-235
-54
133
124
-46
-157
-145
-187
-228
-244
-250
-170
-97
-15
11
23
137
205
12
-150
-211
-168
-162
-220
-241
-223
-117
-85
-30
8
1
90
-8
-158
-207
-131
-91
-147
-139
-149
-170
-159
-184
-74
26
123
156
22
-80
-176
-202
-150
-211
-228
-242
-250
-220
-152
-106
-84
-82
13
160
181
104
-49
-125
-117
-193
-230
-245
-235
-154
-124
-161
-211
-197
-98
80
187
227
49
-97
-156
-214
-239
-227
-202
-207
-230
-245
-251
-194
-118
-13
130
206
235
49
-135
-164
-206
-235
-229
-135
-116
-183
-207
-236
-248
-178
-23
61
57
34
91
62
-53
-47
-47
-139
-210
-237
-248
-250
-174
-72
-25
38
54
18
-63
-125
-111
-89
-79
7
83
93
-8
-128
-205
-235
-241
-176
-114
-96
-78
-4
68
25
-119
-202
-166
-11
15
-89
-136
-160
-141
-84
-105
-91
-4
56
38
-109
-179
-137
-72
-150
-215
-238
-194
-97
17
111
180
92
-39
-161
-156
-162
-166
-186
-213
-214
-106
-21
-39
-64
-80
-131
-150
-90
24
116
32
-135
-207
-223
-142
-120
-146
-113
-80
-46
-33
-73
-178
-202
-129
5
122
57
-65
-78
-36
-71
-164
-212
-185
-183
-192
-187
-146
-48
105
97
-84
-188
-218
-149
24
99
-50
-172
-211
-191
-144
-92
-103
-151
-143
-114
-79
-73
-98
-119
-99
-59
-13
31
69
-22
-138
-205
-227
-198
-209
-147
-88
-86
-110
-144
-148
-94
-40
7
-27
-122
-98
-37
-15
-58
-148
-213
-221
-188
-154
-166
-154
-127
-84
-57
-38
-36
-34
-83
-103
-84
-104
-102
-54
5
-71
-155
-202
-163
-103
-188
-220
-164
-97
-84
-50
-53
-91
-157
-155
-52
3
-24
-99
-148
-172
-175
-159
-82
-42
-67
-129
-158
-147
-122
-119
-112
-85
-97
-114
-71
-58
-78
-84
-116
-123
-118
-176
-190
-130
-71
-84
-125
-157
-127
-112
-72
-43
-64
-58
9
21
-87
-190
-192
-156
-155
-161
-159
-161
-94
-114
-199
-217
-135
-41
-23
-38
-35
-70
-113
-127
-103
-75
-69
-112
-182
-195
-211
-180
-107
-75
-140
-163
-139
-110
-43
-16
-124
-165
-131
-57
-36
-25
-83
-151
-193
-194
-180
-141
-94
-82
-119
-147
-152
-144
-123
-108
-78
-42
-44
-41
-12
-32
-137
-191
-191
-186
-206
-203
-162
-93
-34
-104
-171
-104
-28
-33
-115
-142
-112
-68
-74
-137
-160
-153
-160
-148
-121
-80
-109
-132
-118
-95
-121
-120
-95
-112
-134
-128
-93
-86
-99
-127
-129
-89
-86
-141
-181
-131
-107
-89
-103
-105
-68
-42
-61
-129
-191
-179
-105
-66
-163
-212
-179
-137
-135
-87
-67
-87
-32
74
-6
-135
-130
-123
-161
-217
-236
-220
-183
-134
-114
-152
-169
-70
7
-30
-107
-87
-89
-136
-126
-68
-75
-102
-136
-147
-151
-159
-191
-186
-92
-31
-80
-83
-106
-121
-129
-93
-20
-11
-64
-153
-215
-227
-153
-70
-122
-163
-155
-118
-105
-123
-127
-78
-14
27
-68
-100
-99
-121
-171
-194
-158
-128
-120
-128
-132
-135
-153
-154
-125
-67
-8
32
-2
-96
-149
-174
-181
-130
-53
-59
-102
-168
-158
-137
-126
-138
-130
-102
-105
-119
-103
-59
-27
31
57
-66
-182
-187
-154
-162
-198
-186
-163
-148
-140
-131
-144
-179
-133
25
100
59
5
-39
-106
-188
-193
-194
-210
-231
-215
-152
-107
-102
-128
-147
-129
-59
24
90
61
-63
-178
-218
-187
-187
-114
-66
-116
-161
-156
-156
-143
-78
-34
-72
-95
-77
-83
-75
-24
-23
-93
-151
-187
-165
-148
-173
-179
-154
-128
-117
-114
-112
-92
-78
-83
-41
-75
-101
-107
-72
-76
-134
-181
-173
-142
-125
-131
-144
-113
-60
-118
-188
-175
-124
-80
-62
-63
-78
-105
-94
-84
-94
-96
-87
-128
-146
-62
-53
-102
-145
-90
-7
-88
-176
-151
-103
-91
-90
-141
-132
-117
-113
-91
-60
-68
-104
-85
-60
-34
-61
-76
-96
-139
-164
-175
-165
-120
-69
-77
-130
-129
-99
-47
-55
-130
-146
-76
-32
-57
-136
-125
-91
-114
-103
-108
-133
-112
-95
-92
-88
-89
-33
-41
-40
-42
-123
-163
-147
-108
-117
-128
-135
-146
-130
-105
-99
-110
-88
-107
-106
-86
-85
-75
-98
-85
-62
-121
-151
-124
-109
-102
-75
-76
-77
-114
-143
-158
-170
-144
-77
-28
-49
-62
-78
-75
-30
-41
-131
-154
-136
-137
-117
-113
-143
-113
-37
34
0
-102
-83
-102
-121
-153
-172
-168
-161
-128
-96
-83
-97
-90
-84
-99
-80
-67
-78
-86
-48
-113
-169
-131
-64
-22
-26
-112
-160
-181
-182
-162
-143
-123
-96
-23
-27
-100
-134
-127
-61
-23
-43
-60
-114
-153
-164
-144
-76
-38
-100
-129
-150
-168
-117
-60
-121
-131
-98
-78
-75
-110
-94
-50
-20
-15
-27
-68
-131
-151
-161
-152
-140
-99
-87
-121
-144
-131
-90
-62
-72
-106
-94
-51
-42
-35
-58
-145
-212
-206
-128
-70
-118
-139
-113
-91
-146
-154
-117
-97
-82
-49
-64
-33
-20
-83
-42
-8
-97
-184
-189
-190
-183
-165
-130
-98
-88
-86
-45
-19
-112
-133
-122
-61
11
-17
-72
-116
-176
-180
-160
-116
-50
-87
-162
-193
-141
-43
-34
-88
-88
-5
-8
-140
-196
-137
-95
-53
-65
-109
-151
-140
-103
-79
-88
-114
-140
-154
-166
-125
-78
18
33
-59
-158
-193
-154
-57
-22
-126
-176
-149
-107
-92
-123
-154
-156
-119
-47
-16
-31
-34
-36
-120
-196
-164
-115
-112
-114
-109
-124
-104
-93
-109
-106
-143
-152
-84
-76
-18
5
-94
-157
-181
-164
-97
-93
-102
-105
-98
-76
-77
-129
-122
-125
-106
-56
9
0
-103
-148
-136
-157
-128
-94
-72
-103
-167
-139
-130
-143
-115
-64
-55
-38
-42
-127
-148
-97
-51
-55
-102
-138
-162
-136
-66
-92
-103
-135
-152
-128
-113
-112
-98
-81
-34
-37
-108
-148
-177
-163
-56
12
-14
-50
-84
-132
-143
-123
-121
-133
-175
-176
-138
-133
-135
-107
-84
-72
-57
-33
-25
-65
-125
-95
-113
-150
-157
-145
-120
-77
-58
-70
-120
-132
-91
-103
-107
-96
-97
-84
-103
-135
-141
-121
-119
-116
-86
-57
-80
-111
-111
-117
-116
-105
-81
-80
-107
-131
-120
-112
-127
-94
-87
-78
-81
-87
-92
-112
-135
-116
-118
-164
-163
-108
-60
-36
-54
-97
-119
-111
-115
-131
-148
-144
-127
-115
-97
-104
-98
-86
-61
-15
22
-48
-129
-153
-161
-148
-117
-119
-142
-149
-166
-172
-138
-85
-42
-35
-49
-27
-47
-94
-124
-140
-116
-102
-145
-149
-136
-140
-115
-87
-77
-69
-103
-142
-152
-142
-68
17
-74
-154
-165
-133
-73
-70
-76
-148
-152
-112
-135
-118
-53
-74
-78
-49
-26
-33
-117
-202
-222
-182
-128
-78
-77
-126
-148
-138
-121
-116
-138
-71
44
29
-68
-141
-170
-187
-150
-95
-134
-155
-139
-127
-119
-98
-72
-79
-70
-49
-96
-91
-24
-6
-97
-195
-192
-164
-126
-83
-65
-99
-158
-153
-154
-140
-111
-105
-76
-71
-47
-33
-41
-48
-101
-131
-125
-128
-139
-131
-114
-114
-138
-143
-137
-102
-58
-90
-62
41
-3
-112
-151
-105
-94
-143
-179
-185
-173
-172
-135
-91
-86
-87
-58
4
-67
-109
-96
-86
-62
-64
-132
-170
-179
-163
-121
-93
-109
-88
-46
-85
-104
-111
-133
-111
-62
-53
-138
-180
-151
-135
-137
-117
-92
-85
-65
-72
-62
-18
-99
-137
-111
-116
-138
-130
-91
-90
-109
-113
-121
-109
-111
-113
-124
-128
-119
-114
-90
-40
-35
-72
-100
-107
-114
-140
-139
-122
-148
-138
-116
-113
-114
-79
-30
-37
-83
-47
-55
-142
-176
-173
-71
-17
-127
-146
-145
-134
-38
-5
-93
-166
-181
-166
-123
-87
-96
-82
-24
-58
-154
-136
-112
-129
-99
-15
0
-61
-128
-157
-135
-102
-89
-131
-163
-172
-157
-125
-70
-13
-70
-127
-100
-63
-64
-58
-39
-124
-191
-189
-165
-146
-119
-101
-104
-58
0
-99
-143
-175
-146
29
111
-22
-143
-190
-145
-191
-210
-183
-147
-122
-118
-96
-65
-72
-77
-72
-57
-35
-45
-74
-59
-81
-119
-128
-139
-184
-202
-190
-162
-144
-127
-124
-118
-108
-74
-130
-130
-128
-108
-131
-132
-113
-64
-98
-58
-9
-42
-104
-147
-148
-123
-90
-13
-58
-180
-190
-147
-138
-83
-10
-30
-106
-131
-133
-108
-47
-67
-125
-107
-101
-74
-33
-48
-59
-141
-171
-115
-119
-175
-179
-129
-78
-57
-25
-56
-131
-150
-167
-115
-70
-66
-63
-15
-25
-59
-134
-165
-181
-224
-214
-168
-120
-103
-135
-132
-111
-83
-43
-23
-3
-15
-63
-83
-119
-130
-112
-132
-130
-159
-209
-169
-106
-63
-46
-59
-125
-177
-170
-132
-80
22
92
-27
-123
-162
-155
-107
-161
-213
-208
-187
-164
-145
-141
-150
-134
-60
49
140
114
-13
-64
-106
-163
-213
-238
-248
-198
-136
-107
-101
-105
-129
-169
-176
-158
-95
30
149
162
41
-94
-133
-119
-49
-86
-153
-214
-238
-233
-210
-199
-218
-203
-135
-39
3
-20
-10
19
-2
-80
-102
-88
-84
-112
-161
-180
-214
-237
-224
-204
-159
-61
14
4
-60
-52
6
28
-76
-186
-215
-192
-125
-82
-67
-84
-150
-202
-179
-114
-93
-74
-115
-181
-121
-46
35
25
-114
-180
-186
-159
-134
-113
-106
-79
-32
-22
-101
-193
-189
-149
-151
-112
-103
-98
-115
-138
-139
-129
-108
-92
-74
-20
4
-37
-76
-81
-106
-170
-191
-220
-237
-211
-173
-127
-93
-84
-68
-33
97
193
120
-82
-187
-228
-228
-142
-65
-106
-192
-219
-183
-165
-169
-154
-124
-90
-18
-8
-28
96
143
60
-110
-198
-231
-207
-190
-163
-165
-187
-189
-113
-47
-57
-86
-53
-11
51
-11
-84
-170
-139
-114
-148
-147
-150
-175
-196
-185
-108
-41
-63
-136
-134
53
176
211
115
17
-125
-203
-234
-246
-252
-235
-165
-108
-99
-112
-89
-44
43
85
10
-61
-138
-138
-69
-66
-138
-201
-204
-212
-162
-64
-31
-49
-125
-146
-82
-88
-111
-98
-105
-59
-3
-11
-56
-118
-149
-151
-133
-163
-219
-240
-216
-174
-123
-31
12
1
-2
-53
-101
-97
-60
-85
-117
-77
-79
-172
-222
-225
-182
-98
-1
21
-5
-19
-56
-85
-136
-132
-126
-164
-170
-151
-118
-116
-90
-53
-20
-3
-36
-84
-78
-69
-115
-165
-220
-225
-198
-149
-101
-90
-150
-166
-99
45
128
83
-37
-168
-157
-143
-187
-196
-150
-134
-175
-199
-190
-175
-88
68
165
187
72
-59
-117
-108
-140
-164
-208
-236
-248
-252
-212
-89
86
151
88
32
26
-77
-185
-227
-244
-250
-253
-186
-59
50
157
45
-129
-205
-235
-147
-63
-131
-208
-236
-152
21
79
-5
-65
-171
-221
-202
-60
88
62
-108
-197
-232
-184
-61
36
-10
-118
-202
-234
-240
-199
-145
-147
-188
-108
49
118
75
-18
-79
-119
-149
-185
-195
-208
-161
-124
-198
-230
-87
85
94
-59
-179
-225
-143
-68
-133
-196
-185
-168
-91
-15
-44
-110
-100
-49
-34
-144
-195
-201
-157
-127
-150
-160
-141
-150
-110
-20
46
111
55
-99
-194
-231
-245
-214
-130
-41
-82
-161
-218
-188
-79
72
182
106
-91
-190
-229
-238
-106
70
96
-49
-174
-212
-205
-208
-205
-129
-38
-22
-63
-119
-157
-133
-73
-91
-89
-46
48
111
97
-18
-156
-216
-239
-248
-80
82
-38
-172
-221
-242
-234
-126
-61
-12
35
3
-85
-166
-217
-199
-130
3
104
28
-94
-147
-211
-237
-240
-211
-175
-139
-118
-129
-123
-120
-130
-130
-74
46
165
163
3
-145
-211
-237
-248
-243
-210
-184
-169
-110
-58
-57
-76
-82
-76
-82
-93
-102
-105
-111
-119
-105
-80
-65
-67
-83
-117
-134
-127
-116
-108
-102
-98
-92
-86
-82
-89
-100
-103
-97
-88
-82
-83
-88
-95
-108
-118
-116
-106
-101
-100
-100
-101
-100
-98
-98
-96
-94
-95
-96
-97
-96
-97
-97
-93
-90
-94
-103
-108
-107
-104
-103
-102
-100
-98
-99
-99
-98
-97
-98
-98
-99
-97
-96
-96
-97
-98
-99
-99
-99
-99
-100
-99
-98
-97
-97
-97
-97
-98
-100
-100
-101
-102
-102
-103
-103
-102
-103
-102
-102
-101
-100
-101
-102
-103
-103
-102
-102
-105
-108
-109
-105
-99
-96
-95
-97
-99
-100
-101
-103
-104
-104
-105
-106
-105
-106
-106
-106
-106
-107
-107
-107
-107
-107
-107
-107
-108
-108
-108
-107
-107
-106
-106
-106
-105
-105
-105
-106
-106
-106
-107
-106
-105
-104
-104
-104
-104
-103
-103
-104
-104
-105
-105
-105
-104
