-11746
-105
-106
-106
-106
-106
-105
-105
-106
-107
-106
-106
-106
-105
-106
-107
-106
-105
-105
-105
-106
-106
-106
-107
-107
-107
-106
-107
-107
-107
-107
-107
-108
-106
-105
-104
-105
-105
-105
-105
-107
-106
-106
-105
-105
-104
-104
-104
-103
-103
-103
-103
-104
-105
-106
-107
-107
-108
-107
-107
-107
-107
-107
-107
-106
-106
-106
-106
-107
-107
-108
-108
-108
-108
-107
-107
-107
-106
-107
-106
-106
-106
-106
-107
-108
-108
-109
-108
-109
-109
-109
-109
-108
-109
-110
-110
-110
-109
-109
-109
-109
-109
-109
-108
-107
-106
-107
-107
-108
-108
-108
-108
-109
-108
-108
-108
-109
-109
-109
-109
-110
-110
-109
-109
-109
-109
-108
-108
-109
-109
-108
-108
-108
-107
-107
-106
-107
-107
-107
-107
-107
-107
-107
-108
-108
-108
-109
-110
-111
-111
-110
-109
-109
-109
-108
-108
-108
-108
-108
-108
-109
-108
-108
-108
-107
-108
-107
-106
-107
-107
-107
-107
-107
-107
-107
-107
-106
-106
-106
-106
-106
-106
-106
-106
-106
-106
-107
-108
-108
-109
-108
-108
-107
-107
-108
-108
-108
-107
-107
-106
-105
-105
-104
-104
-105
-105
-106
-107
-108
-108
-108
-109
-108
-109
-108
-108
-107
-107
-107
-108
-108
-107
-107
-107
-108
-108
-108
-109
-109
-109
-109
-109
-110
-109
-108
-108
-108
-107
-107
-108
-109
-109
-108
-108
-108
-107
-106
-107
-107
-107
-107
-108
-109
-110
-109
-109
-109
-110
-109
-108
-109
-109
-108
-108
-108
-108
-107
-106
-107
-109
-109
-108
-109
-109
-109
-108
-108
-108
-108
-107
-107
-107
-107
-107
-108
-107
-106
-107
-106
-106
-106
-107
-106
-107
-108
-109
-108
-108
-108
-109
-109
-109
-108
-109
-109
-109
-109
-109
-108
-108
-109
-109
-109
-108
-108
-107
-107
-108
-106
-107
-107
-107
-107
-108
-107
-107
-106
-107
-108
-108
-108
-107
-108
-109
-108
-109
-110
-108
-108
-109
-109
-108
-108
-109
-109
-109
-108
-108
-108
-108
-108
-108
-108
-108
-108
-108
-108
-107
-108
-105
-105
-106
-105
-105
-106
-108
-108
-109
-108
-109
-110
-110
-110
-110
-111
-110
-109
-110
-111
-110
-110
-109
-108
-108
-108
-108
-109
-109
-108
-108
-107
-106
-105
-105
-105
-105
-104
-103
-104
-105
-106
-106
-106
-106
-106
-106
-106
-106
-107
-108
-107
-108
-109
-109
-109
-109
-109
-108
-106
-106
-106
-106
-106
-105
-107
-106
-106
-106
-106
-105
-105
-106
-107
-107
-107
-107
-107
-106
-105
-106
-107
-107
-107
-108
-108
-108
-108
-108
-108
-109
-108
-108
-107
-108
-108
-108
-108
-107
-107
-107
-107
-107
-107
-106
-107
-107
-106
-106
-106
-106
-106
-105
-106
-106
-107
-107
-107
-107
-108
-108
-108
-107
-107
-108
-108
-109
-108
-108
-107
-107
-108
-108
-108
-108
-108
-109
-109
-109
-109
-109
-109
-110
-109
-108
-108
-107
-106
-107
-106
-107
-106
-107
-107
-106
-106
-106
-106
-105
-106
-106
-106
-106
-106
-106
-105
-104
-104
-104
-104
-105
-104
-105
-106
-106
-105
-107
-108
-107
-107
-107
-107
-107
-106
-106
-106
-107
-107
-106
-106
-105
-105
-106
-106
-106
-106
-106
-106
-106
-106
-106
-105
-106
-105
-106
-106
-106
-106
-106
-106
-106
-106
-106
-106
-106
-106
-108
-108
-108
-107
-107
-106
-107
-108
-108
-108
-108
-108
-108
-107
-108
-108
-108
-108
-108
-108
-108
-107
-107
-107
-107
-107
-106
-107
-106
-106
-106
-107
-107
-107
-107
-107
-106
-105
-105
-105
-105
-106
-105
-106
-107
-106
-106
-106
-106
-107
-106
-105
-105
-105
-104
-105
-106
-106
-105
-105
-106
-106
-106
-106
-106
-106
-106
-107
-106
-107
-107
-106
-106
-107
-107
-107
-107
-107
-107
-107
-106
-106
-107
-106
-106
-106
-106
-105
-105
-105
-105
-104
-105
-105
-106
-104
-104
-104
-104
-104
-104
-104
-105
-106
-106
-106
-105
-104
-104
-104
-105
-105
-105
-105
-103
-104
-103
-102
-103
-102
-102
-101
-101
-102
-103
-104
-105
-105
-104
-104
-105
-106
-106
-107
-107
-108
-107
-106
-104
-103
-101
-99
-102
-104
-108
-110
-111
-111
-111
-110
-109
-108
-107
-105
-105
-103
-104
-103
-101
-102
-106
-106
-107
-108
-108
-108
-106
-107
-106
-107
-107
-107
-106
-107
-109
-111
-111
-109
-109
-109
-112
-113
-109
-103
-104
-108
-105
-95
-93
-98
-100
-105
-106
-100
-91
-86
-96
-113
-121
-125
-125
-122
-120
-110
-94
-96
-108
-115
-110
-101
-95
-99
-101
-106
-102
-100
-108
-123
-122
-105
-96
-104
-108
-99
-88
-90
-112
-114
-101
-80
-61
-68
-90
-99
-114
-128
-113
-89
-84
-117
-152
-168
-170
-175
-179
-160
-137
-107
-87
-77
-73
-75
-80
-83
-67
-70
-111
-150
-156
-149
-142
-128
-129
-134
-122
-98
-86
-90
-104
-110
-104
-84
-72
-77
-98
-117
-122
-142
-150
-139
-125
-105
-95
-93
-101
-107
-110
-113
-98
-81
-73
-81
-97
-118
-137
-149
-133
-104
-100
-110
-127
-135
-124
-108
-117
-139
-149
-138
-93
-62
-71
-74
-63
-69
-76
-102
-139
-177
-175
-152
-124
-102
-78
-86
-141
-154
-103
-71
-61
-54
-56
-90
-136
-142
-126
-118
-128
-145
-165
-157
-136
-129
-122
-96
-70
-38
-42
-73
-71
-77
-117
-173
-196
-201
-182
-120
-59
-28
0
7
-29
-119
-201
-234
-206
-141
-108
-119
-124
-43
35
-1
-87
-140
-160
-139
-114
-131
-177
-186
-187
-154
-89
-52
-47
-44
-65
-119
-127
-89
-75
-107
-156
-179
-164
-100
-56
-70
-117
-140
-132
-101
-88
-98
-110
-105
-76
-29
-60
-107
-94
-95
-129
-141
-105
-88
-153
-214
-203
-164
-142
-80
-2
22
-22
-101
-117
-103
-82
-98
-139
-189
-207
-193
-141
-61
-27
-15
-36
-87
-114
-32
23
-41
-118
-167
-205
-231
-225
-159
-77
-61
-84
-89
-80
-101
-109
-98
-55
-32
-52
-99
-132
-116
-85
-80
-118
-184
-212
-135
-65
-88
-144
-110
-46
-11
7
-10
-14
-6
-43
-147
-213
-208
-179
-200
-206
-180
-139
-104
-91
-66
-72
-78
-111
-102
-27
-18
-49
-91
-130
-152
-155
-158
-142
-123
-91
-51
-48
-94
-85
-68
-90
-97
-80
-50
-53
-71
-79
-118
-146
-148
-110
-80
-124
-194
-183
-110
-46
-58
-88
-93
-54
13
58
27
-70
-124
-154
-164
-177
-219
-225
-184
-136
-76
-52
-34
-36
-68
-75
-71
-83
-77
-99
-129
-161
-150
-99
-91
-125
-131
-78
-31
-38
-107
-171
-154
-152
-129
-33
-9
-55
-83
-46
-7
-64
-113
-141
-167
-165
-162
-163
-144
-124
-85
20
60
-6
-71
-84
-74
-93
-172
-222
-242
-219
-132
-126
-142
-134
-109
-32
73
71
-26
-117
-162
-206
-234
-137
37
72
14
-36
-125
-203
-234
-247
-183
-115
-98
-71
-54
-39
-25
-38
-49
-87
-161
-194
-143
-97
-83
-66
-35
-71
-143
-156
-145
-148
-139
-96
-51
-31
-73
-152
-145
-64
-69
-108
-85
-42
-38
-68
-84
-144
-158
-177
-173
-103
-52
-64
-102
-48
27
0
-59
-101
-87
-86
-130
-202
-234
-247
-239
-206
-176
-161
-134
-61
20
88
88
-11
-155
-215
-214
-144
-115
-125
-132
-97
-78
-96
-98
-106
-121
-104
-89
-99
-97
-96
-112
-164
-174
-95
-50
-67
-96
-105
-106
-96
-45
-18
-74
-140
-179
-217
-206
-146
-66
-64
-80
-85
-73
-45
-61
-115
-158
-100
-39
-64
-154
-216
-218
-158
-72
-26
-31
-45
-26
-63
-105
-86
-115
-149
-104
-69
-94
-160
-171
-126
-52
-7
18
24
-9
-47
-100
-176
-215
-223
-242
-250
-253
-238
-195
-152
-105
-60
11
31
3
30
21
-65
-155
-208
-214
-200
-157
-80
-27
-58
-133
-132
-86
-91
-137
-115
-82
-72
-48
-69
-122
-150
-178
-200
-179
-117
-100
-95
-80
-82
-82
-69
-85
-104
-118
-127
-135
-114
-85
-93
-113
-92
-82
-60
-63
-92
-127
-187
-210
-176
-126
-83
-93
-131
-154
-131
-74
-36
-52
-76
-118
-97
-20
1
-43
-144
-205
-176
-101
-68
-134
-202
-192
-147
-107
-70
-50
-40
5
-19
-89
-108
-103
-143
-172
-192
-215
-193
-124
-89
-80
-72
-44
-16
-33
-98
-152
-123
-91
-81
-62
-35
-68
-143
-182
-195
-196
-193
-164
-119
-86
-87
-102
-63
-57
-34
37
67
2
-95
-168
-198
-206
-194
-144
-124
-138
-170
-159
-123
-75
-65
-79
-74
-80
-88
-45
-33
-77
-106
-145
-151
-180
-200
-111
-52
-82
-94
-77
-60
-56
-106
-141
-156
-131
-116
-130
-144
-129
-118
-92
-51
-30
-6
20
-66
-181
-225
-227
-174
-144
-139
-73
-2
42
-43
-86
-60
-117
-146
-143
-134
-110
-99
-77
-113
-132
-99
-116
-171
-196
-147
-53
-37
-77
-106
-85
-79
-76
-78
-129
-129
-116
-160
-167
-118
-78
-80
-66
-70
-116
-119
-149
-121
-120
-144
-140
-155
-129
-32
53
44
-33
-111
-181
-187
-149
-127
-79
-42
-89
-175
-205
-170
-115
-77
-65
-48
-47
-73
-91
-113
-102
-140
-169
-113
-76
-79
-107
-128
-143
-144
-149
-134
-83
-86
-108
-77
-47
0
-41
-112
-132
-166
-200
-153
-110
-76
-51
-62
-123
-180
-210
-186
-137
-93
-69
-36
5
-28
-106
-104
-100
-153
-181
-166
-115
-80
-67
-73
-102
-100
-78
-58
-62
-97
-99
-38
-33
-130
-183
-198
-174
-133
-69
-75
-107
-42
33
16
-124
-204
-230
-197
-154
-170
-176
-112
-32
-3
-53
-108
-136
-78
-3
-2
-105
-155
-142
-184
-187
-126
-75
-89
-142
-117
-70
-79
-87
-95
-102
-83
-82
-114
-99
-65
32
48
-89
-191
-230
-219
-225
-99
100
93
25
22
-49
-155
-193
-186
-127
-75
-109
-164
-217
-232
-123
47
125
23
-99
-163
-101
-38
45
142
-11
-160
-217
-199
23
163
81
-78
-186
-227
-244
-250
-243
-32
143
207
33
-137
-208
-236
-166
-62
-65
-159
-218
-240
-237
-98
31
-29
-62
-65
-92
-113
-190
-203
-182
-193
-125
-39
-94
-90
33
50
-55
-108
-146
-210
-199
-178
-226
-238
-242
-203
-45
96
33
115
127
-54
-176
-223
-242
-189
1
-35
-164
-212
-194
-171
-62
-39
-30
15
-49
-19
-51
-150
-103
-20
-44
-157
-197
-210
-120
-43
-104
-198
-232
-221
-84
115
189
41
-84
-134
-207
-220
-119
-54
-89
-106
-27
-41
-118
-131
-129
-190
-230
-240
-249
-175
0
151
152
-58
-173
-222
-219
27
156
215
-7
-157
-216
-239
-247
-138
-79
-6
90
58
25
-108
-105
-170
-207
25
166
210
-23
-163
-218
-96
119
176
-55
-176
-199
19
162
43
-134
-207
-236
-171
-33
-35
-63
-87
-99
-190
-229
-191
39
171
102
-117
-200
-233
-246
-200
-124
-128
-22
142
211
228
77
-125
-203
-234
-171
-3
99
5
78
102
-84
-188
-228
-244
-251
-176
5
141
210
184
-62
-178
-224
-242
-205
-5
76
28
-78
-187
-228
-240
-74
-8
88
115
17
-63
-91
-82
-183
-226
-229
-176
-149
34
100
32
-128
-205
-235
-201
-36
-16
-73
49
175
147
-92
-190
-211
-54
-41
-2
20
-5
-156
-216
-239
-249
-71
128
205
166
0
33
32
-144
-210
-150
-67
-43
-158
-194
-231
-231
-45
62
54
15
123
58
-128
-166
-151
-215
-239
-248
-127
14
-41
-174
-223
-240
-157
-124
-122
-96
92
110
54
87
101
-59
-178
-224
-243
-238
-249
-218
-5
154
215
166
5
-138
-208
-236
-246
-223
-180
-171
-108
70
47
-82
29
86
-52
-148
-197
-232
-212
-53
-129
-134
45
73
-40
-166
-220
-201
-61
-35
-158
-217
-212
-23
145
179
-69
-182
-225
-133
84
188
-9
-158
-216
-239
-235
-144
-133
-158
-35
105
180
224
186
-16
-126
-182
-225
-242
-250
-247
-194
-123
-153
-217
-231
-191
-147
-64
22
115
200
172
86
16
-69
-62
-104
-189
-228
-222
-176
-223
-243
-250
-210
-173
-169
-102
86
189
228
197
-42
-170
-221
-241
-250
-252
-192
-94
-75
-181
-226
-168
-3
138
207
79
-90
-63
-95
-191
-229
-244
-197
-187
-108
-13
20
34
37
-62
-181
-226
-101
114
195
-37
-169
-220
-208
-196
-232
-242
-228
-155
-70
9
49
31
1
-46
82
139
-68
-182
-223
-114
-96
-181
-167
-12
101
46
-67
-171
-147
-72
-172
-222
-242
-217
-47
84
56
-56
-67
-42
36
40
-120
-202
-234
-247
-242
-136
-32
-98
-131
16
130
123
-38
-169
-194
-214
-199
-127
-120
-158
-179
-203
-233
-174
-73
-76
-58
59
174
219
7
-152
-213
-239
-222
-156
-102
44
167
98
-107
-196
-231
-222
-118
-44
-12
-82
-134
-99
-100
-118
-9
44
-63
-112
-55
-133
-207
-190
-112
-72
-77
-103
-88
-125
-183
-168
-83
-50
14
37
52
-69
-159
-105
-101
-189
-229
-245
-213
-128
-72
12
0
-63
-90
-114
-134
-138
-112
-85
7
139
21
-147
-212
-227
-194
-172
-101
11
-10
-107
-170
-156
-78
12
-25
-144
-137
-34
-82
-190
-229
-193
-82
-85
-126
-75
-1
55
47
-43
-113
-152
-193
-231
-238
-241
-203
-108
-94
-93
-95
-85
-57
-14
-33
-75
-40
-3
-65
-33
-51
-152
-210
-195
-133
-78
-55
-94
-153
-214
-239
-228
-152
-114
-111
-74
75
132
77
14
-101
-194
-231
-209
-146
-146
-140
-107
-74
-50
52
83
-64
-179
-157
20
35
-126
-205
-235
-243
-223
-186
-146
-117
-39
28
3
-57
-28
30
-2
-97
-172
-190
-169
-145
-195
-231
-202
-102
-21
-43
-98
-136
-140
-109
-72
57
76
-70
-183
-227
-229
-152
-67
-56
-97
-140
-122
-71
-27
-40
-30
-65
-148
-170
-139
-117
-107
-87
-93
-84
-33
-53
-150
-183
-107
-64
-79
-109
-122
-102
-107
-119
-140
-87
1
-27
-157
-205
-166
-128
-76
-37
-53
-94
-136
-153
-94
-19
5
-28
-118
-202
-228
-157
-104
-137
-117
-88
-102
-100
-48
-43
-16
-18
-81
-141
-155
-140
-124
-154
-139
-141
-180
-183
-120
-42
14
35
-50
-163
-172
-80
-36
-58
-70
-107
-189
-187
-165
-143
-143
-156
-157
-109
-27
-20
-101
-162
-185
-115
67
130
-14
-160
-216
-199
-174
-163
-139
-108
-114
-140
-143
-107
-43
-17
-57
-71
-83
-143
-101
-79
-119
-166
-162
-143
-106
-47
-37
-113
-134
-83
-74
-95
-99
-75
-62
-101
-108
-130
-176
-171
-151
-139
-154
-118
-44
5
-47
-101
-78
-69
-72
-105
-163
-193
-175
-184
-194
-177
-130
-18
56
28
-17
-81
-152
-161
-109
-35
-63
-127
-141
-154
-185
-160
-137
-144
-150
-142
-66
30
81
59
-48
-99
-160
-201
-216
-213
-224
-212
-180
-148
-137
-96
-44
-64
-85
4
145
144
29
-107
-196
-231
-237
-187
-163
-171
-166
-168
-174
-165
-64
32
38
53
42
-93
-192
-227
-200
-166
-127
-115
-131
-102
-83
-51
7
-9
-149
-195
-157
-110
-66
-58
-125
-169
-139
-122
-93
-69
-92
-119
-132
-128
-112
-124
-119
-62
5
-13
-85
-131
-114
-13
7
-93
-164
-176
-211
-238
-235
-167
-63
17
16
1
-40
-110
-147
-139
-151
-157
-114
-89
-126
-157
-135
-104
-96
-92
-112
-107
-78
-85
-113
-139
-139
-96
-72
-133
-162
-159
-117
-94
-108
-114
-61
-29
-76
-92
-34
5
-56
-108
-158
-102
-114
-142
-178
-187
-175
-145
-121
-97
-32
3
-15
-59
-112
-158
-159
-88
-46
-98
-175
-202
-147
-94
-133
-157
-43
3
-89
-137
-105
-13
-18
-127
-189
-163
-184
-146
-75
-71
-58
-41
-39
-110
-171
-187
-190
-169
-134
-112
-86
-85
-108
-122
-116
-78
13
16
-83
-132
-132
-149
-169
-185
-193
-160
-117
-96
-80
-10
-7
-111
-166
-149
-94
-79
-87
-47
16
-57
-154
-191
-150
-100
-130
-171
-174
-157
-114
-65
-89
-134
-154
-86
2
31
2
-22
-118
-190
-203
-148
-67
-88
-166
-204
-211
-160
-98
-88
-71
-34
-25
-73
-86
-94
-129
-150
-154
-110
-69
-80
-128
-121
-91
-132
-155
-120
-73
-25
-10
-114
-144
-58
-30
-111
-135
-86
-111
-157
-163
-131
-101
-131
-138
-107
-94
-73
-51
-92
-154
-182
-164
-64
-24
-76
-128
-133
-115
-106
-47
-14
-88
-185
-208
-187
-142
-84
-71
-119
-126
-94
-63
-54
-59
-69
-98
-110
-106
-141
-133
-81
-105
-146
-139
-118
-77
-57
-97
-121
-147
-171
-154
-116
-60
-68
-101
-109
-123
-154
-106
-6
0
-124
-201
-195
-183
-131
-43
-41
-109
-126
-83
-15
-18
-94
-147
-157
-166
-157
-150
-115
-101
-111
-131
-115
-116
-117
-48
-6
-83
-143
-120
-82
-102
-149
-162
-136
-70
-39
-72
-105
-110
-101
-120
-100
-54
-27
-76
-148
-201
-208
-188
-124
-81
-83
-89
-74
-64
-81
-89
-71
-75
-58
-49
-61
-132
-199
-197
-131
-95
-104
-113
-115
-118
-132
-136
-114
-79
-59
-92
-90
-49
-72
-134
-148
-125
-94
-86
-127
-154
-154
-152
-144
-114
-70
-71
-99
-110
-54
2
-10
-74
-102
-116
-149
-154
-111
-99
-118
-177
-218
-207
-148
-113
-106
-95
-92
-80
-67
-16
36
11
-80
-177
-218
-205
-187
-160
-111
-84
-91
-99
-82
-91
-118
-97
-74
-81
-58
-38
-32
-61
-115
-168
-169
-129
-92
-85
-86
-136
-182
-168
-138
-109
-114
-109
-92
-111
-131
-87
-37
-36
-61
-64
-43
-51
-111
-147
-166
-154
-130
-150
-176
-165
-158
-142
-103
-63
-24
3
-5
-84
-108
-97
-107
-131
-131
-116
-119
-139
-161
-144
-125
-132
-142
-127
-67
-19
-8
-27
-83
-106
-62
-97
-135
-155
-173
-146
-154
-158
-127
-110
-101
-91
-115
-94
-31
-41
-55
-12
-49
-90
-97
-95
-145
-197
-186
-113
-77
-79
-72
-79
-112
-138
-158
-165
-146
-128
-77
-56
-102
-125
-99
-44
-8
-62
-139
-193
-214
-156
-53
-11
-114
-190
-196
-153
-92
-38
-39
-74
-96
-57
27
14
-79
-162
-199
-158
-128
-128
-174
-190
-147
-120
-110
-91
-47
20
35
-40
-131
-173
-137
-106
-106
-134
-158
-177
-169
-158
-125
-82
-71
-78
-99
-111
-86
-86
-42
73
102
-57
-178
-204
-190
-161
-124
-138
-176
-176
-164
-144
-125
-73
-12
1
-28
15
33
8
15
-3
-104
-196
-231
-222
-198
-226
-244
-231
-192
-165
-94
-10
47
45
38
42
0
-105
-165
-130
-112
-145
-169
-209
-219
-210
-136
-27
-5
-88
-166
-193
-139
-30
43
-39
-101
-62
-64
-129
-163
-129
-34
-10
-99
-195
-231
-245
-219
-173
-130
-107
-107
-5
114
194
213
83
-103
-194
-231
-245
-251
-221
-172
-145
-153
-161
-117
-100
-66
-7
-27
-32
25
31
22
-59
-110
-101
-178
-200
-196
-231
-245
-208
-125
-24
59
2
-94
-104
-54
52
-22
-93
-164
-200
-177
-90
-13
-29
-156
-216
-240
-249
-180
-39
45
61
92
66
-11
-83
-88
-43
-64
-136
-208
-236
-248
-247
-111
-26
-78
-143
-171
-168
-118
-58
1
59
65
-93
-192
-180
-114
-145
-173
-199
-140
-41
-73
-168
-221
-242
-215
-104
37
84
42
-113
-182
-188
-97
97
135
-52
-174
-204
-101
-88
-179
-225
-243
-250
-225
-143
-35
74
184
226
182
-61
-178
-197
-78
-113
-201
-234
-246
-252
-254
-255
-202
-75
72
158
216
231
135
-21
-162
-217
-240
-249
-253
-181
-103
-43
8
-18
-137
-178
-23
132
77
-117
-200
-203
-78
-75
-125
-203
-232
-220
-175
-93
-35
35
71
19
-116
-172
-74
41
-56
-173
-223
-242
-178
-61
-132
-208
-237
-240
-121
82
187
203
-20
-162
-217
-160
-57
-62
-169
-188
-145
-124
-155
-200
-233
-143
81
187
156
-68
-181
-225
-230
-227
-129
-29
7
-59
-175
-223
-241
-150
-35
7
3
-46
-68
-36
18
20
-58
-159
-217
-236
-191
-126
-108
-127
-73
-37
-58
-141
-157
-70
79
134
15
-148
-212
-238
-237
-113
-75
-144
-202
-202
-147
-65
47
96
147
123
40
-104
-155
-197
-232
-246
-252
-251
-201
-163
-141
-148
-137
23
165
178
58
-97
-187
-228
-237
-146
-55
-52
-126
-205
-236
-242
-115
-21
-52
-138
-154
-65
32
94
122
110
-22
-145
-211
-237
-248
-229
-119
88
189
65
-122
-202
-234
-181
-101
-78
-89
-92
-48
-77
-114
-92
-127
-95
-74
-89
-81
-44
-37
-26
-87
-190
-229
-245
-236
-122
-61
-61
-118
-96
69
173
59
-49
-113
-193
-230
-195
-135
-169
-193
-101
-68
-110
-189
-229
-150
83
133
-47
-140
-65
21
-57
-165
-215
-239
-248
-253
-237
-195
-117
-46
9
71
161
114
67
-17
-90
-129
-205
-234
-247
-244
-134
-85
-56
-31
-56
-65
-21
-103
-171
-145
-17
113
73
-70
-178
-196
-175
-153
-138
-63
-61
-162
-219
-235
-142
-84
-71
-75
-38
8
64
115
67
-113
-199
-232
-149
-29
-25
-70
-159
-214
-216
-146
-49
15
-50
-119
-109
-119
-121
-184
-182
-63
92
166
16
-145
-211
-237
-248
-230
-194
-148
-65
-59
-87
-17
88
88
-27
-114
-116
-180
-225
-243
-225
-74
13
-33
-142
-211
-217
-42
50
-8
-105
-149
-17
26
-72
-86
-122
-197
-232
-246
-186
-20
36
-41
-129
-195
-208
-59
128
205
118
-96
-192
-230
-244
-193
-115
-86
-23
-4
-102
-176
-180
-97
36
40
5
-126
-192
-154
-146
-210
-236
-211
-183
-150
-106
-45
-33
-42
-51
-111
-150
-80
-104
-152
-195
-212
-110
21
57
-22
-145
-212
-227
-170
-127
-133
-163
-166
-164
-169
-96
102
195
173
17
-118
-200
-215
-157
-120
-130
-159
-176
-193
-214
-236
-230
-169
-85
-26
-13
-17
-11
17
29
-14
-76
-133
-160
-186
-202
-196
-178
-159
-140
-116
-104
-100
-104
-109
-116
-111
-106
-100
-98
-133
-141
-101
-45
-4
-22
-109
-160
-157
-144
-137
-129
-120
-113
-109
-107
-106
-105
-104
-104
-104
-105
-104
-104
-104
-104
-104
-106
-107
-108
-106
-108
-110
-109
-106
-104
-103
-104
-103
-103
-104
-103
-103
-102
-101
-102
-103
-103
-102
-101
-101
-101
-100
-99
-98
-98
-100
-102
-102
-103
-101
-100
-100
-101
-102
-102
-101
-100
-100
-100
-99
-98
-97
-97
-98
-99
-98
-97
-97
-96
-96
-95
-96
-94
-92
-93
-94
-95
-93
-92
-95
-96
-95
-95
-96
-96
-96
-96
-96
-96
-97
-97
-96
-96
-97
-97
-96
-96
-95
-94
-93
-94
-94
-93
-93
-92
-92
-93
-93
-92
-91
-91
-90
-91
-91
-92
-93
-93
-93
-93
-93
-94
-95
-95
-95
-94
-93
-94
-94
-94
-94
-95
-95
-95
-94
-95
-95
-95
-95
-96
-96
-95
-95
-95
-95
-95
-95
-95
-95
-95
-95
-96
-95
-96
-96
-96
-96
-96
-95
-95
-96
-97
-98
-96
-96
-96
-97
-99
-99
-99
-99
-99
-99
-99
-99
-99
-99
-99
-99
-99
-99
-100
-99
-98
-98
-98
-97
-97
-97
-98
-98
-98
-100
-100
-101
-101
-100
-101
-101
-101
