-6334
-108
-107
-106
-106
-106
-106
-106
-105
-105
-104
-104
-104
-104
-104
-105
-105
-105
-105
-104
-104
-103
-103
-104
-105
-106
-106
-106
-105
-105
-105
-106
-106
-106
-105
-106
-106
-106
-107
-106
-105
-105
-104
-104
-104
-104
-104
-104
-104
-104
-104
-104
-104
-105
-105
-106
-105
-105
-105
-106
-105
-105
-105
-105
-106
-106
-106
-107
-106
-106
-105
-105
-105
-105
-105
-105
-106
-106
-106
-106
-106
-106
-106
-106
-107
-107
-106
-106
-106
-107
-105
-105
-105
-105
-106
-105
-105
-106
-106
-106
-106
-107
-106
-106
-106
-105
-104
-103
-103
-103
-103
-104
-105
-107
-107
-107
-106
-107
-106
-106
-106
-106
-107
-107
-106
-106
-106
-106
-105
-106
-106
-106
-105
-106
-107
-106
-106
-107
-106
-104
-103
-103
-103
-104
-104
-104
-104
-105
-105
-105
-105
-106
-107
-107
-106
-106
-106
-105
-105
-106
-106
-105
-106
-106
-105
-105
-105
-106
-106
-105
-106
-106
-105
-105
-105
-105
-106
-106
-107
-107
-106
-106
-106
-106
-106
-106
-107
-105
-106
-106
-106
-106
-106
-106
-106
-106
-106
-106
-106
-105
-105
-104
-105
-105
-105
-105
-105
-105
-105
-106
-106
-107
-106
-107
-106
-106
-106
-105
-106
-106
-106
-105
-105
-105
-106
-106
-107
-108
-107
-108
-107
-106
-106
-106
-106
-106
-106
-106
-107
-106
-105
-105
-105
-105
-105
-105
-105
-106
-106
-105
-105
-106
-106
-107
-107
-107
-106
-106
-106
-107
-107
-107
-106
-106
-105
-105
-105
-105
-105
-105
-105
-105
-106
-107
-107
-106
-106
-106
-106
-106
-107
-106
-105
-105
-106
-106
-104
-104
-103
-103
-103
-104
-105
-106
-106
-107
-107
-106
-103
-102
-102
-102
-101
-101
-102
-103
-103
-104
-104
-105
-105
-105
-106
-107
-107
-107
-108
-107
-108
-107
-105
-106
-106
-107
-107
-107
-107
-107
-107
-106
-106
-106
-106
-105
-105
-104
-105
-105
-105
-104
-103
-104
-105
-106
-106
-106
-106
-106
-105
-105
-105
-106
-105
-105
-106
-106
-106
-105
-105
-106
-106
-106
-105
-105
-104
-103
-104
-104
-104
-105
-106
-106
-105
-105
-106
-106
-105
-105
-105
-107
-106
-106
-106
-106
-106
-106
-106
-105
-106
-106
-105
-105
-106
-106
-106
-106
-106
-106
-105
-105
-105
-105
-106
-106
-107
-107
-107
-107
-107
-107
-106
-105
-106
-106
-106
-105
-105
-105
-106
-106
-106
-107
-106
-106
-106
-106
-106
-106
-106
-105
-106
-104
-104
-103
-104
-104
-104
-104
-105
-105
-105
-105
-106
-106
-106
-105
-105
-105
-104
-105
-105
-105
-105
-105
-106
-105
-105
-106
-107
-107
-106
-106
-106
-105
-106
-106
-107
-106
-105
-105
-104
-105
-106
-105
-106
-105
-105
-105
-105
-105
-105
-105
-104
-104
-104
-105
-105
-105
-105
-104
-104
-104
-104
-104
-104
-104
-103
-103
-102
-103
-104
-105
-106
-107
-107
-107
-108
-109
-109
-108
-108
-108
-108
-108
-107
-106
-105
-105
-105
-105
-105
-106
-106
-106
-105
-105
-106
-106
-105
-104
-105
-106
-106
-105
-106
-106
-106
-107
-107
-107
-106
-105
-105
-105
-104
-104
-104
-105
-104
-105
-105
-105
-105
-106
-105
-106
-106
-105
-105
-106
-106
-106
-107
-108
-107
-108
-108
-108
-107
-107
-107
-108
-108
-108
-108
-108
-108
-106
-106
-106
-106
-106
-106
-106
-106
-106
-105
-105
-105
-105
-106
-106
-106
-106
-105
-105
-106
-107
-106
-106
-106
-106
-105
-105
-104
-104
-104
-104
-104
-104
-103
-103
-104
-103
-104
-105
-104
-105
-106
-106
-106
-105
-106
-106
-105
-105
-105
-105
-104
-105
-105
-105
-105
-106
-106
-106
-105
-106
-106
-106
-106
-107
-107
-107
-107
-107
-107
-106
-106
-106
-105
-104
-105
-106
-105
-105
-104
-105
-105
-105
-105
-105
-104
-104
-104
-104
-104
-105
-105
-105
-105
-106
-106
-106
-106
-106
-106
-106
-106
-106
-107
-106
-105
-105
-105
-104
-105
-105
-105
-104
-104
-103
-102
-101
-100
-100
-101
-101
-101
-103
-104
-105
-104
-104
-104
-104
-103
-103
-104
-104
-106
-106
-107
-108
-108
-108
-108
-109
-108
-107
-107
-107
-107
-107
-106
-107
-107
-107
-107
-106
-107
-107
-107
-107
-108
-107
-106
-108
-108
-107
-106
-107
-106
-106
-106
-106
-106
-106
-106
-106
-106
-107
-108
-107
-107
-107
-106
-105
-105
-105
-106
-106
-106
-106
-106
-107
-106
-106
-105
-105
-105
-105
-106
-107
-106
-106
-106
-106
-107
-106
-108
-109
-110
-109
-106
-100
-99
-101
-103
-105
-105
-106
-106
-107
-106
-106
-109
-111
-111
-108
-103
-101
-101
-102
-103
-100
-102
-105
-107
-110
-111
-109
-108
-107
-107
-108
-109
-107
-105
-104
-105
-105
-104
-104
-103
-103
-105
-106
-105
-104
-104
-111
-117
-114
-104
-98
-99
-101
-105
-111
-116
-117
-111
-100
-94
-93
-95
-99
-102
-105
-109
-113
-114
-115
-114
-111
-108
-110
-115
-117
-111
-107
-106
-104
-99
-94
-93
-92
-92
-95
-101
-108
-118
-126
-128
-119
-101
-96
-101
-104
-100
-96
-100
-109
-117
-103
-84
-78
-85
-101
-109
-109
-116
-123
-119
-108
-100
-106
-112
-108
-100
-98
-106
-116
-119
-116
-97
-81
-83
-87
-94
-109
-125
-131
-123
-108
-105
-106
-109
-108
-99
-90
-83
-86
-105
-108
-105
-110
-132
-142
-129
-114
-98
-94
-94
-100
-101
-100
-91
-86
-98
-115
-111
-98
-99
-117
-126
-128
-110
-91
-86
-94
-109
-124
-119
-101
-93
-105
-124
-124
-115
-104
-109
-120
-110
-100
-85
-73
-81
-71
-56
-68
-103
-135
-152
-149
-132
-113
-107
-114
-120
-112
-103
-104
-97
-89
-76
-70
-75
-98
-115
-132
-128
-118
-115
-120
-120
-105
-100
-95
-89
-88
-89
-82
-85
-113
-139
-155
-147
-122
-101
-77
-70
-86
-111
-112
-112
-104
-93
-84
-84
-85
-112
-126
-105
-101
-121
-132
-144
-140
-125
-103
-71
-64
-88
-110
-106
-96
-88
-88
-109
-121
-124
-116
-105
-105
-106
-94
-81
-80
-99
-133
-136
-102
-82
-100
-103
-95
-112
-121
-110
-91
-96
-120
-128
-107
-84
-76
-68
-71
-117
-159
-137
-103
-112
-119
-117
-116
-121
-120
-106
-81
-70
-92
-109
-69
-59
-88
-127
-148
-123
-97
-114
-119
-110
-100
-93
-88
-111
-122
-102
-82
-81
-95
-110
-99
-91
-90
-101
-101
-89
-86
-119
-150
-155
-118
-96
-110
-95
-58
-57
-105
-108
-83
-78
-101
-133
-129
-102
-110
-117
-88
-76
-78
-73
-97
-111
-106
-115
-132
-152
-167
-146
-118
-100
-55
-12
-15
-48
-92
-136
-160
-151
-134
-126
-131
-151
-148
-112
-63
-13
13
-25
-88
-147
-165
-128
-105
-135
-179
-174
-140
-92
-75
-98
-131
-129
-89
-57
-19
-20
-80
-144
-176
-189
-177
-138
-83
-59
-66
-72
-83
-75
-78
-123
-140
-134
-111
-76
-84
-125
-153
-155
-146
-138
-143
-130
-87
-41
4
-7
-70
-116
-138
-148
-145
-119
-103
-100
-83
-63
-95
-138
-158
-170
-158
-141
-101
-65
-45
-52
-79
-97
-78
-70
-92
-131
-144
-164
-177
-125
-87
-92
-91
-57
-67
-122
-174
-165
-78
-15
-42
-117
-121
-90
-83
-88
-146
-196
-198
-163
-94
-5
43
-21
-124
-179
-153
-127
-139
-151
-137
-104
-81
-94
-85
-70
-61
-78
-133
-182
-164
-77
-54
-105
-141
-112
-94
-104
-81
-72
-89
-117
-140
-124
-87
-77
-84
-98
-102
-117
-140
-168
-133
-82
-65
-70
-97
-147
-149
-135
-150
-137
-65
-14
-53
-104
-108
-97
-100
-112
-117
-124
-128
-123
-107
-94
-105
-119
-107
-109
-99
-79
-73
-100
-111
-100
-113
-140
-151
-118
-73
-74
-92
-59
-80
-171
-188
-124
-104
-112
-83
-64
-42
-70
-117
-149
-152
-126
-101
-103
-132
-133
-135
-162
-125
-53
-30
-65
-128
-146
-133
-97
-110
-109
-85
-67
-77
-98
-118
-117
-127
-126
-104
-91
-130
-135
-87
-74
-83
-125
-124
-82
-70
-95
-125
-116
-98
-82
-109
-123
-104
-116
-121
-81
-71
-112
-150
-129
-101
-87
-84
-112
-119
-95
-88
-99
-139
-168
-130
-90
-60
-55
-92
-130
-85
-45
-95
-155
-153
-133
-125
-138
-125
-90
-68
-87
-85
-60
-104
-146
-133
-131
-133
-91
-53
-67
-92
-92
-132
-164
-137
-139
-156
-134
-99
-65
-33
-55
-114
-135
-116
-86
-88
-94
-100
-107
-106
-100
-92
-109
-131
-134
-116
-105
-119
-138
-137
-109
-57
-10
-60
-129
-159
-143
-110
-113
-124
-115
-91
-74
-108
-128
-107
-81
-63
-81
-118
-139
-156
-148
-109
-82
-72
-72
-76
-80
-100
-116
-117
-116
-140
-148
-105
-67
-46
-86
-147
-116
-64
-73
-104
-134
-141
-146
-134
-99
-83
-93
-107
-115
-109
-102
-106
-92
-61
-78
-117
-153
-155
-128
-82
-59
-59
-71
-107
-124
-119
-112
-132
-135
-100
-70
-74
-131
-116
-67
-70
-110
-165
-182
-147
-108
-94
-98
-86
-67
-71
-78
-62
-71
-126
-173
-171
-124
-90
-111
-144
-120
-65
-33
-29
-76
-149
-179
-142
-77
-83
-79
-103
-139
-120
-95
-99
-108
-121
-140
-149
-140
-116
-46
2
-31
-99
-124
-125
-113
-123
-150
-140
-89
-49
-84
-108
-112
-122
-144
-159
-135
-85
-52
-45
-31
-97
-162
-168
-163
-119
-59
-44
-86
-141
-161
-112
-54
-48
-97
-155
-179
-140
-120
-104
-58
-22
-60
-116
-118
-120
-132
-141
-152
-113
-79
-71
-66
-76
-96
-141
-177
-154
-119
-60
-32
-66
-94
-123
-166
-185
-121
-54
-39
-46
-65
-116
-169
-188
-145
-102
-100
-122
-117
-104
-100
-100
-86
-85
-88
-102
-134
-137
-112
-106
-117
-127
-97
-72
-57
-19
2
-74
-182
-195
-138
-109
-85
-101
-152
-149
-105
-37
-18
-55
-135
-175
-159
-119
-125
-96
-53
-42
-40
-72
-133
-176
-151
-115
-89
-23
62
87
-8
-120
-201
-230
-205
-180
-169
-147
-120
-86
-34
-28
-86
-135
-157
-87
-24
-11
-49
-121
-158
-136
-126
-166
-143
-111
-102
-102
-99
-111
-81
-56
-70
-104
-130
-112
-69
-69
-105
-115
-117
-121
-158
-180
-156
-106
-73
-85
-92
-89
-125
-79
0
-17
-92
-182
-207
-221
-188
-85
-68
-103
-126
-133
-90
-6
33
-25
-87
-133
-131
-91
-126
-200
-233
-246
-194
-110
-74
-41
-26
-42
-109
-84
8
-44
-172
-222
-242
-233
-184
-139
-106
-66
-19
34
100
63
-20
-122
-193
-227
-228
-191
-101
-26
6
-51
-119
-132
-146
-186
-213
-168
-41
57
31
-37
-148
-187
-155
-93
-50
-35
-83
-150
-199
-223
-214
-173
-108
-49
-33
2
8
-40
-120
-80
-20
-94
-187
-228
-224
-161
-95
-98
-182
-204
-76
42
74
0
-152
-211
-84
58
5
-120
-202
-234
-241
-101
15
-2
-82
-148
-63
122
160
-37
-169
-221
-222
-49
88
-51
-176
-224
-243
-132
45
112
1
-133
-156
-6
152
205
-1
-155
-205
-58
7
-107
-198
-232
-246
-251
-249
-238
-125
69
182
205
-14
-160
-217
-240
-173
-117
-93
-53
54
173
182
-10
-159
-216
-239
-232
-62
83
123
17
-149
-151
-70
-57
-107
-120
-127
-117
-124
-169
-152
-153
-152
-198
-199
-97
59
107
102
-36
-127
-64
-74
-135
-203
-188
-161
-126
-114
-152
-200
-233
-217
-45
129
171
101
50
-21
-101
-135
-196
-231
-244
-174
-154
-179
-226
-244
-212
-104
36
163
167
59
-84
-118
-85
-147
-212
-238
-218
-85
-15
-77
-155
-177
-147
-20
24
-45
-71
-74
-85
-75
-6
-43
-91
-186
-227
-201
-91
-50
-152
-215
-231
-137
-66
-31
8
22
3
-62
-80
-86
-76
-68
-79
-155
-216
-235
-155
-38
25
-57
-168
-142
-98
-100
-161
-146
-8
40
-19
-146
-212
-238
-189
-85
-53
-81
-19
15
10
-114
-200
-205
-200
-226
-200
-95
18
70
93
39
-99
-180
-153
-112
-80
-159
-214
-239
-233
-163
-72
-7
14
47
27
-111
-199
-215
-184
-43
92
53
-63
-180
-213
-158
-134
-140
-167
-200
-167
-73
28
61
23
-44
-140
-197
-86
10
7
-127
-205
-235
-216
-97
-19
-46
-59
50
113
-6
-158
-216
-236
-202
-140
-52
-55
-120
-163
-160
-132
-53
49
62
0
-87
-116
-95
-153
-215
-237
-205
-178
-149
-112
-46
42
91
94
53
-80
-187
-228
-194
-78
-41
-91
-176
-223
-212
-194
-165
-129
-51
19
74
76
81
27
-108
-184
-213
-237
-202
-191
-184
-151
-115
-90
-48
-25
-77
-147
-108
33
50
-84
-189
-197
-38
30
5
-60
-119
-191
-229
-245
-225
-179
-157
-125
-35
27
20
-37
-7
62
52
-33
-154
-206
-169
-110
-119
-198
-232
-242
-194
-132
-88
-80
-98
-59
69
161
15
-141
-200
-176
-196
-232
-194
-145
-134
-130
-127
-105
-56
-37
-65
-119
-64
-22
-29
-27
-46
-110
-162
-190
-155
-155
-181
-205
-177
-145
-114
-72
-21
7
5
11
-54
-148
-199
-166
-50
48
-45
-174
-223
-229
-197
-153
-116
-103
-91
-71
-64
-43
20
14
-90
-137
-89
-68
-136
-198
-199
-138
-125
-134
-136
-151
-161
-149
-69
0
-6
-81
-141
-129
-66
-50
-52
-72
-146
-212
-225
-190
-155
-138
-125
-95
-47
-33
-62
-80
-105
-74
-29
-45
-122
-103
-122
-161
-191
-190
-177
-140
-90
-65
-117
-167
-153
-47
31
-5
-100
-164
-110
-43
-59
-131
-200
-212
-168
-119
-107
-116
-134
-132
-77
-14
23
-47
-158
-174
-79
1
-59
-136
-201
-215
-206
-182
-139
-112
-85
-57
-70
-98
-89
-95
-82
-43
-5
-4
-121
-203
-226
-206
-168
-148
-128
-117
-110
-92
-56
16
12
-70
-130
-125
-73
-108
-145
-186
-174
-127
-95
-131
-150
-137
-94
-41
-51
-131
-157
-90
28
28
-128
-205
-218
-192
-128
-91
-109
-140
-141
-115
-81
-66
-81
-108
-155
-133
-57
-9
21
-24
-119
-187
-198
-167
-159
-173
-160
-138
-109
-107
-123
-114
-50
15
-5
-60
-143
-191
-152
-100
-79
-101
-130
-151
-141
-155
-164
-151
-105
-65
-59
-72
-89
-50
-45
-116
-168
-157
-130
-87
-92
-146
-146
-143
-130
-111
-121
-109
-101
-94
-83
-48
0
0
-63
-147
-197
-191
-161
-121
-103
-99
-123
-130
-111
-79
-57
-82
-115
-93
-35
6
-74
-179
-224
-201
-151
-121
-107
-103
-104
-96
-62
-69
-135
-194
-142
-52
-8
-35
-92
-110
-76
-100
-178
-198
-182
-141
-110
-122
-124
-104
-72
-29
-40
-110
-125
-92
-1
22
-87
-191
-228
-210
-165
-133
-139
-123
-88
-79
-72
-58
-64
-89
-85
-64
-53
-72
-100
-121
-175
-176
-151
-154
-144
-129
-115
-105
-91
-53
-23
-54
-55
-100
-144
-140
-161
-112
-44
-5
-71
-159
-189
-178
-139
-119
-139
-136
-125
-80
-60
-72
-103
-88
-67
-69
-94
-131
-132
-111
-114
-149
-155
-137
-104
-117
-120
-110
-106
-107
-112
-72
-46
-20
-7
-74
-115
-156
-183
-180
-150
-135
-120
-116
-122
-109
-98
-73
-59
-71
-65
-87
-123
-129
-107
-80
-84
-137
-160
-157
-141
-102
-85
-117
-125
-92
-62
-68
-82
-60
-68
-121
-148
-168
-151
-99
-79
-91
-117
-143
-149
-143
-130
-117
-73
-33
-18
-81
-141
-117
-66
-79
-146
-162
-152
-137
-116
-99
-113
-106
-80
-85
-129
-133
-129
-119
-89
-63
-82
-99
-102
-96
-115
-109
-122
-132
-116
-109
-92
-82
-93
-125
-145
-128
-86
-77
-61
-68
-124
-135
-98
-60
-62
-93
-132
-164
-172
-151
-130
-126
-125
-87
-56
-58
-94
-100
-128
-135
-108
-68
-55
-80
-134
-154
-134
-121
-119
-101
-86
-97
-85
-82
-100
-109
-117
-103
-63
-57
-113
-154
-141
-118
-116
-113
-139
-150
-133
-121
-109
-63
-3
12
-28
-104
-139
-142
-181
-203
-164
-110
-71
-55
-96
-131
-136
-123
-89
-77
-96
-123
-122
-118
-104
-62
-63
-66
-74
-106
-126
-90
-92
-132
-155
-161
-161
-134
-101
-109
-114
-104
-86
-71
-103
-123
-99
-65
-45
-76
-122
-127
-108
-117
-134
-154
-151
-133
-119
-98
-80
-83
-99
-115
-98
-87
-108
-104
-89
-91
-90
-87
-72
-75
-105
-138
-140
-123
-120
-136
-142
-130
-96
-79
-87
-83
-61
-69
-79
-80
-98
-123
-114
-112
-145
-151
-119
-110
-123
-112
-130
-141
-113
-95
-87
-86
-75
-62
-92
-121
-128
-109
-99
-106
-114
-125
-126
-115
-111
-109
-120
-110
-106
-116
-116
-108
-83
-64
-53
-102
-130
-108
-105
-125
-126
-121
-116
-106
-94
-97
-106
-96
-80
-88
-123
-121
-77
-17
-46
-120
-159
-169
-155
-123
-109
-104
-115
-106
-48
-29
-67
-91
-127
-135
-135
-106
-95
-124
-131
-117
-113
-116
-113
-114
-92
-64
-61
-113
-132
-129
-109
-93
-97
-89
-78
-73
-67
-82
-102
-134
-153
-135
-123
-111
-110
-105
-95
-105
-117
-137
-130
-115
-106
-101
-91
-77
-80
-89
-89
-55
-46
-96
-102
-105
-134
-151
-134
-116
-107
-109
-125
-132
-119
-106
-106
-105
-112
-119
-94
-45
-1
-37
-101
-122
-104
-89
-90
-119
-123
-159
-161
-151
-129
-96
-112
-133
-135
-117
-100
-94
-56
-38
-32
-54
-89
-93
-116
-147
-163
-154
-138
-115
-102
-125
-134
-113
-101
-82
-41
-64
-94
-114
-113
-72
-47
-55
-102
-168
-178
-149
-122
-104
-87
-98
-108
-114
-100
-90
-113
-134
-115
-82
-67
-55
-78
-111
-96
-70
-98
-124
-149
-153
-138
-109
-81
-83
-109
-132
-114
-87
-53
-60
-71
-80
-116
-141
-112
-100
-100
-113
-137
-134
-128
-119
-102
-98
-58
-56
-116
-132
-119
-118
-124
-110
-89
-93
-95
-100
-95
-118
-105
-95
-107
-88
-59
-6
18
-98
-192
-192
-176
-175
-144
-106
-107
-114
-111
-109
-112
-112
-90
-48
-53
-69
-104
-97
-104
-125
-136
-139
-146
-145
-119
-102
-107
-99
-83
-91
-75
-43
-73
-91
-90
-63
-39
-70
-148
-171
-134
-134
-144
-134
-124
-121
-117
-98
-95
-106
-102
-89
-83
-79
-86
-91
-88
-109
-94
-81
-122
-142
-131
-126
-133
-128
-116
-109
-93
-73
-72
-98
-116
-109
-79
-77
-93
-101
-115
-79
-66
-107
-148
-132
-109
-119
-111
-90
-93
-133
-148
-134
-111
-99
-83
-81
-83
-86
-80
-83
-74
-83
-118
-140
-161
-143
-101
-77
-73
-106
-108
-80
-85
-100
-102
-68
-76
-137
-145
-146
-129
-124
-124
-111
-105
-110
-97
-64
-38
-68
-106
-112
-97
-96
-106
-115
-113
-138
-136
-116
-108
-107
-112
-113
-104
-92
-68
-53
-94
-134
-142
-133
-111
-78
-56
-75
-119
-136
-133
-115
-82
-59
-83
-110
-131
-142
-138
-124
-95
-80
-115
-120
-114
-112
-102
-99
-67
-53
-67
-88
-127
-141
-123
-91
-84
-100
-126
-143
-136
-134
-128
-86
-51
-39
-47
-79
-96
-99
-108
-115
-140
-146
-132
-124
-126
-119
-113
-122
-128
-125
-137
-116
-36
37
41
-6
-63
-128
-188
-150
-155
-152
-145
-141
-129
-115
-109
-114
-119
-126
-119
-100
-58
-2
12
-22
-85
-106
-93
-113
-168
-179
-180
-189
-190
-165
-115
-90
-78
-70
-61
-73
-102
-119
-110
-78
-59
-36
-28
-89
-132
-134
-126
-128
-151
-164
-187
-160
-131
-107
-87
-98
-67
13
19
7
-21
-59
-83
-128
-188
-221
-218
-193
-162
-142
-127
-101
-70
-28
14
16
-61
-124
-104
-93
-128
-145
-150
-143
-146
-149
-139
-110
-87
-97
-124
-140
-118
-119
-106
-31
59
53
-14
-118
-183
-175
-154
-124
-111
-198
-210
-178
-156
-142
-131
-132
-120
-88
-61
1
68
22
-88
-131
-69
-60
-98
-122
-135
-160
-206
-222
-205
-170
-141
-114
-96
-92
-59
-23
-54
-15
-3
-5
-27
-58
-117
-141
-153
-207
-222
-208
-179
-153
-124
-96
-58
-36
-59
-102
-120
-58
-7
22
0
-121
-203
-229
-193
-142
-137
-102
-58
-60
-82
-138
-186
-195
-149
-60
17
17
-41
-77
-96
-91
-80
-137
-182
-186
-111
23
22
-74
-184
-223
-209
-169
-137
-119
-88
-65
-68
-89
-110
-125
-72
5
-7
-57
-89
-108
-128
-121
-125
-150
-152
-156
-169
-140
-77
-31
-66
-146
-195
-219
-169
-55
8
28
-28
-79
-53
-18
-52
-101
-161
-206
-235
-231
-197
-170
-143
-62
60
74
-28
-156
-208
-123
-1
54
-7
-152
-214
-239
-189
-65
-76
-126
-176
-163
-66
53
43
-80
-173
-207
-200
-165
-96
-1
26
-40
-77
-97
-150
-172
-169
-152
-139
-152
-116
-99
-135
-150
-116
-72
-24
27
98
104
25
-22
-129
-205
-235
-246
-183
-76
-38
-79
-180
-192
-122
-46
-61
-121
-158
-194
-180
-134
-127
-148
-129
-64
-20
-35
-118
-136
-103
-79
-11
46
-48
-168
-221
-241
-249
-197
-59
67
64
-59
-131
-140
-156
-144
-66
-51
-61
-37
-56
-116
-190
-229
-183
-68
-25
-69
-116
-165
-199
-166
-71
10
42
-1
-88
-181
-203
-133
-100
-115
-165
-211
-188
-87
2
-39
-155
-197
-157
-122
-88
-26
3
-11
-16
-16
-47
-106
-191
-230
-234
-190
-139
-126
-119
-85
-92
-64
2
-16
-48
-136
-171
-121
-128
-139
-131
-98
-72
-99
-110
-78
-107
-146
-146
-131
-132
-132
-58
21
88
26
-112
-192
-230
-244
-211
-178
-165
-133
-85
-26
-14
-52
-103
-53
-56
-88
-72
-67
-68
-135
-208
-236
-196
-97
7
13
-47
-161
-218
-240
-213
-109
-7
57
50
56
-4
-126
-205
-194
-136
-110
-165
-188
-167
-145
-139
-112
-64
-6
72
138
52
-88
-190
-229
-241
-235
-224
-179
-124
-35
3
37
32
-78
-182
-200
-147
-50
5
-21
-130
-207
-234
-157
-70
-54
-81
-72
-70
-84
-135
-155
-120
-133
-168
-190
-118
-6
40
4
-69
-122
-173
-180
-147
-107
-77
-136
-192
-184
-137
-96
-97
-89
-32
9
-50
-112
-120
-75
-11
-36
-136
-207
-218
-202
-194
-140
-77
-73
-126
-141
-77
9
66
21
-28
-68
-143
-173
-171
-171
-154
-114
-100
-130
-142
-118
-101
-126
-156
-131
-97
-78
-15
70
51
-51
-143
-211
-237
-226
-176
-126
-115
-124
-111
-112
-111
-108
-103
-99
-87
-68
-48
6
38
-17
-106
-170
-169
-132
-143
-165
-172
-157
-137
-129
-125
-119
-115
-114
-110
-107
-104
-97
-95
-91
-84
-88
-94
-92
-97
-105
-111
-117
-120
-130
-130
-114
-102
-99
-97
-96
-103
-115
-118
-116
-113
-106
-97
-93
-90
-94
-102
-107
-112
-114
-116
-121
-122
-117
-113
-111
-111
-110
-107
-106
-104
-104
-105
-108
-110
-110
-109
-108
-106
-107
-107
-104
-103
-105
-104
-104
-104
-106
-107
-107
-106
-106
-107
-108
-107
-107
-106
-105
-104
-106
-107
-107
-107
-106
-106
-106
-105
-105
-105
-104
-103
-103
-103
-104
-106
-109
-109
-109
-107
-104
-102
-100
-103
-106
-108
-111
-111
-110
-106
-100
-99
-108
-111
-110
-108
-106
-105
-105
-104
-102
-102
-105
-107
-108
-108
-108
-108
-107
-106
-106
-109
-110
-109
-108
-108
-106
-105
-105
-105
-104
-104
-104
-107
-107
-106
-105
-104
-103
-100
-95
-96
-107
-110
-108
-108
-108
-110
-110
-109
-108
