-11370
-104
-104
-104
-105
-105
-106
-106
-106
-107
-108
-108
-108
-107
-107
-106
-105
-106
-105
-105
-106
-105
-105
-105
-106
-106
-105
-105
-105
-106
-106
-106
-105
-105
-106
-106
-106
-105
-105
-105
-106
-106
-105
-104
-104
-104
-105
-106
-106
-106
-106
-105
-106
-107
-107
-106
-106
-105
-105
-105
-104
-103
-103
-104
-104
-104
-104
-105
-104
-103
-103
-103
-104
-104
-103
-104
-103
-101
-101
-105
-106
-107
-106
-106
-106
-106
-106
-106
-105
-105
-105
-105
-105
-105
-105
-104
-105
-105
-104
-103
-103
-103
-103
-104
-105
-105
-106
-107
-107
-108
-107
-106
-106
-106
-106
-106
-105
-104
-104
-105
-106
-106
-106
-106
-107
-108
-107
-107
-107
-108
-107
-107
-108
-107
-106
-105
-106
-105
-104
-104
-105
-105
-105
-104
-104
-105
-106
-106
-106
-105
-105
-107
-107
-106
-105
-104
-105
-105
-105
-104
-105
-105
-104
-105
-106
-106
-106
-106
-106
-106
-106
-106
-106
-106
-106
-107
-107
-107
-107
-107
-107
-107
-106
-106
-106
-107
-106
-106
-105
-104
-105
-106
-106
-106
-106
-106
-105
-105
-106
-107
-107
-107
-107
-108
-107
-107
-107
-108
-107
-107
-106
-107
-108
-108
-107
-106
-106
-105
-105
-105
-105
-105
-105
-106
-106
-106
-105
-106
-106
-106
-106
-106
-106
-106
-106
-106
-106
-107
-107
-106
-106
-106
-106
-106
-104
-103
-103
-103
-105
-106
-107
-106
-105
-106
-106
-106
-105
-105
-105
-106
-106
-105
-104
-104
-104
-103
-105
-108
-108
-107
-106
-106
-105
-104
-105
-106
-106
-106
-105
-107
-106
-106
-106
-107
-106
-105
-105
-105
-104
-103
-103
-103
-103
-104
-105
-106
-106
-107
-107
-109
-108
-108
-107
-107
-107
-108
-107
-107
-107
-107
-108
-107
-106
-105
-105
-105
-106
-106
-106
-106
-106
-106
-106
-105
-105
-106
-106
-106
-105
-105
-104
-105
-105
-105
-104
-104
-104
-104
-104
-104
-105
-105
-104
-104
-104
-105
-105
-105
-104
-104
-103
-104
-105
-105
-105
-103
-102
-102
-105
-107
-106
-106
-106
-106
-105
-106
-105
-105
-105
-105
-105
-107
-106
-106
-106
-105
-106
-105
-106
-106
-106
-105
-105
-105
-104
-103
-103
-104
-105
-104
-104
-105
-104
-104
-105
-107
-107
-107
-107
-107
-107
-106
-104
-104
-105
-105
-105
-105
-106
-107
-107
-106
-106
-106
-106
-105
-105
-106
-105
-105
-105
-106
-105
-105
-105
-105
-104
-104
-105
-105
-105
-105
-104
-105
-105
-105
-104
-104
-105
-105
-105
-104
-105
-105
-105
-105
-105
-105
-104
-104
-104
-102
-101
-102
-106
-107
-110
-111
-111
-110
-109
-109
-109
-109
-108
-108
-107
-107
-106
-104
-103
-101
-100
-101
-102
-103
-105
-106
-106
-107
-107
-108
-107
-108
-109
-109
-108
-108
-108
-107
-106
-106
-106
-105
-106
-106
-106
-106
-106
-106
-106
-106
-106
-105
-105
-106
-106
-105
-106
-106
-105
-105
-106
-105
-106
-106
-106
-106
-105
-105
-105
-106
-105
-105
-105
-105
-105
-105
-104
-104
-104
-104
-104
-104
-105
-105
-106
-107
-106
-104
-103
-102
-105
-108
-107
-107
-107
-106
-106
-107
-107
-106
-106
-106
-106
-107
-107
-106
-107
-108
-107
-107
-108
-108
-107
-107
-107
-106
-105
-106
-107
-106
-105
-105
-106
-106
-105
-106
-106
-107
-106
-107
-106
-106
-105
-106
-106
-107
-107
-107
-106
-106
-106
-107
-107
-106
-106
-106
-105
-105
-104
-104
-105
-105
-105
-106
-105
-106
-106
-105
-104
-104
-104
-106
-106
-105
-105
-104
-104
-106
-106
-105
-105
-106
-106
-105
-105
-104
-104
-105
-105
-105
-105
-105
-106
-105
-105
-105
-105
-105
-104
-105
-106
-106
-106
-107
-106
-105
-105
-105
-105
-104
-103
-102
-102
-103
-104
-104
-105
-105
-105
-105
-106
-107
-107
-107
-108
-108
-107
-107
-106
-106
-107
-108
-107
-107
-107
-106
-106
-106
-105
-106
-105
-105
-106
-105
-105
-106
-106
-107
-107
-106
-105
-105
-103
-103
-107
-107
-108
-107
-107
-106
-106
-106
-106
-105
-105
-105
-105
-106
-106
-107
-108
-108
-107
-106
-106
-107
-105
-105
-105
-106
-106
-105
-105
-106
-106
-106
-105
-105
-104
-105
-105
-105
-105
-105
-105
-105
-105
-105
-105
-106
-106
-105
-105
-105
-105
-106
-105
-105
-105
-106
-106
-105
-106
-107
-107
-106
-106
-106
-106
-105
-105
-105
-106
-107
-107
-107
-106
-106
-106
-105
-104
-104
-103
-107
-108
-108
-108
-107
-106
-106
-106
-106
-106
-106
-106
-106
-107
-107
-107
-106
-106
-106
-106
-107
-107
-107
-107
-106
-106
-106
-106
-106
-107
-106
-106
-105
-105
-106
-106
-105
-106
-105
-105
-104
-103
-103
-105
-105
-105
-105
-106
-105
-106
-106
-106
-106
-106
-106
-106
-107
-108
-112
-114
-114
-112
-102
-95
-93
-96
-98
-99
-101
-103
-106
-108
-113
-119
-124
-122
-115
-111
-112
-110
-100
-91
-91
-91
-92
-95
-96
-98
-101
-110
-125
-137
-135
-116
-103
-103
-107
-109
-99
-82
-77
-84
-92
-93
-93
-96
-100
-104
-110
-112
-112
-111
-110
-112
-117
-120
-119
-112
-104
-102
-110
-124
-130
-118
-99
-98
-107
-113
-102
-87
-85
-90
-94
-98
-102
-104
-106
-110
-108
-106
-104
-108
-114
-115
-119
-117
-100
-87
-82
-85
-95
-100
-108
-113
-110
-112
-119
-119
-114
-111
-114
-106
-91
-88
-101
-117
-116
-105
-97
-93
-95
-82
-79
-81
-87
-115
-148
-163
-154
-127
-103
-87
-77
-71
-80
-107
-113
-81
-52
-46
-77
-113
-137
-146
-143
-120
-104
-85
-70
-89
-107
-133
-159
-142
-99
-99
-143
-148
-125
-112
-114
-110
-93
-95
-84
-42
-11
-26
-103
-161
-126
-117
-140
-137
-109
-92
-100
-115
-97
-60
-45
-71
-110
-126
-127
-148
-168
-162
-144
-98
-57
-46
-46
-67
-73
-83
-131
-170
-162
-110
-108
-135
-131
-105
-86
-112
-154
-128
-75
-55
-62
-94
-121
-132
-132
-126
-105
-76
-56
-67
-120
-157
-147
-125
-103
-90
-103
-94
-87
-60
-36
-55
-94
-112
-122
-148
-168
-170
-147
-146
-132
-71
-56
-82
-88
-67
-66
-93
-98
-76
-55
-52
-90
-148
-158
-157
-156
-122
-121
-141
-140
-99
-41
-36
-73
-119
-118
-98
-123
-121
-106
-123
-118
-74
-28
7
-51
-160
-206
-197
-165
-79
-31
-72
-136
-141
-132
-117
-84
-80
-101
-94
-112
-136
-120
-53
-67
-125
-133
-107
-99
-75
-45
-69
-132
-169
-150
-122
-107
-116
-158
-154
-130
-101
-45
-23
-55
-61
-47
-73
-111
-140
-177
-198
-176
-133
-110
-101
-73
-64
-57
-46
-66
-76
-106
-141
-141
-136
-106
-44
-44
-109
-159
-179
-176
-165
-139
-74
-29
-52
-40
9
-51
-137
-151
-132
-134
-164
-177
-125
-85
-107
-111
-79
-49
-32
-52
-89
-128
-137
-113
-69
-30
-84
-183
-226
-205
-138
-98
-86
-75
-59
-49
-76
-109
-117
-75
-61
-66
-91
-103
-79
-69
-120
-165
-169
-151
-137
-128
-135
-129
-101
-98
-119
-119
-75
5
36
13
-70
-158
-210
-173
-129
-158
-157
-114
-126
-147
-127
-77
-54
-104
-150
-120
-49
12
22
-39
-95
-149
-197
-202
-184
-147
-116
-101
-100
-93
-122
-154
-141
-69
-13
-29
-37
-95
-149
-120
-79
-91
-127
-167
-153
-115
-77
-46
-57
-96
-152
-153
-96
-63
-133
-190
-186
-154
-105
-63
-37
-27
-67
-113
-126
-97
-82
-123
-173
-179
-147
-95
-55
-2
-8
-97
-157
-178
-162
-79
4
-8
-98
-163
-184
-198
-191
-158
-109
-88
-59
-6
-22
-35
-79
-128
-131
-144
-165
-184
-172
-152
-136
-91
-26
13
-23
-67
-107
-120
-128
-81
-58
-128
-189
-151
-104
-126
-154
-154
-127
-114
-117
-100
-70
-42
-23
-68
-118
-133
-141
-120
-75
-57
-136
-189
-108
-50
-75
-99
-131
-131
-108
-102
-42
-66
-158
-214
-206
-101
-51
-81
-105
-93
-80
-96
-119
-88
-59
-63
-99
-148
-117
-89
-121
-115
-117
-144
-151
-143
-114
-108
-98
-35
6
-39
-134
-176
-152
-120
-102
-151
-149
-99
-58
-75
-98
-105
-112
-122
-124
-130
-156
-167
-179
-169
-116
-73
-46
-22
-33
-57
-91
-154
-181
-153
-101
-70
-83
-133
-155
-127
-100
-51
-22
-20
-75
-137
-192
-203
-176
-104
3
92
54
-83
-140
-156
-181
-212
-213
-160
-119
-114
-124
-128
-130
-95
-46
-16
-10
-34
-86
-149
-135
-106
-101
-119
-107
-93
-106
-135
-154
-157
-150
-156
-164
-146
-95
-63
-54
-66
-76
-66
-53
-63
-65
-63
-74
-116
-184
-220
-207
-181
-160
-112
-69
-85
-101
-31
-25
-65
-104
-111
-102
-47
-3
-36
-111
-131
-171
-184
-173
-149
-106
-93
-110
-123
-87
-100
-121
-93
-62
-76
-109
-133
-136
-136
-109
-76
-98
-97
-101
-142
-143
-95
-65
-106
-161
-189
-156
-97
-39
-13
-54
-103
-57
1
-31
-109
-159
-174
-177
-213
-206
-121
-42
-53
-119
-171
-163
-147
-129
-58
-1
-50
-108
-113
-96
-100
-58
-30
-93
-190
-229
-237
-125
21
64
-15
-118
-172
-210
-188
-119
-78
-77
-64
-15
43
12
-83
-132
-168
-184
-172
-152
-157
-210
-184
-24
86
66
-32
-124
-144
-135
-155
-198
-169
-131
-116
-96
-72
-88
-110
-79
-9
0
-91
-145
-144
-139
-182
-166
-55
50
52
-94
-193
-230
-237
-136
-47
-54
-79
-27
43
34
-59
-123
-180
-200
-196
-179
-166
-183
-211
-175
-67
-3
7
-62
-144
-137
-22
58
69
-7
-134
-207
-236
-241
-212
-202
-151
-115
-83
2
6
-82
-113
-74
-35
-30
-140
-202
-98
-37
-67
-137
-209
-237
-206
-110
-12
42
-16
-77
-174
-192
-148
-80
23
57
37
-81
-188
-227
-176
-135
-160
-153
-145
-83
-26
26
17
-98
-172
-100
-32
-67
0
67
47
-87
-190
-182
-72
16
-78
-188
-228
-239
-197
-89
-54
-63
-89
-135
-131
-16
4
-136
-209
-237
-242
-119
-16
52
64
94
36
-71
-173
-222
-235
-117
-80
-167
-221
-209
-72
11
-58
-134
-197
-158
-78
91
191
143
-48
-173
-222
-242
-250
-253
-230
-166
-44
59
80
36
16
9
-15
-120
-202
-217
-150
-117
-99
-76
-99
-167
-176
-158
-143
-142
-154
-133
-130
-155
-92
13
51
-8
-85
-112
-57
-28
-56
-115
-157
-214
-219
-137
-121
-52
3
-32
-103
-184
-128
-66
9
-19
-103
-142
-50
42
-23
-167
-220
-222
-172
-140
-114
-48
66
5
-86
-106
-161
-138
-139
-82
-24
19
-14
36
41
-90
-191
-223
-212
-222
-234
-247
-252
-178
29
109
37
-87
-179
-132
-80
-116
-179
-225
-243
-189
0
154
165
0
-155
-215
-239
-200
-143
-124
-136
-24
145
211
101
-101
-194
-230
-231
-161
-187
-221
-224
-171
-27
116
169
66
-53
-149
-213
-219
-148
-128
-190
-220
-116
65
181
105
-92
-190
-216
-136
-97
-134
-206
-234
-125
32
85
-9
-138
-112
-41
-54
-157
-216
-239
-226
-172
-76
-45
-65
-51
-37
0
24
47
17
-100
-190
-229
-237
-200
-202
-191
-89
-79
-126
-151
-134
-113
-105
-4
57
24
-25
-65
-123
-81
-86
-138
-173
-220
-233
-199
-113
-25
-46
-30
5
-51
-88
-62
-27
-98
-163
-215
-181
-85
-72
-136
-181
-182
-132
-100
-66
-32
22
49
18
-17
-67
-96
-121
-201
-233
-245
-202
-144
-72
-17
-36
-32
2
-8
-53
-111
-132
-129
-158
-177
-186
-155
-117
-78
-49
-52
-78
-82
-18
54
-13
-153
-215
-122
-16
-82
-167
-149
-60
-77
-160
-204
-172
-147
-126
-101
-85
-87
-78
-73
-97
-103
-69
-27
-30
16
-15
-78
-126
-197
-230
-151
-23
1
-84
-179
-201
-193
-179
-148
-90
-46
13
92
102
-2
-108
-111
-90
-123
-176
-154
-150
-184
-201
-183
-161
-135
-145
-150
-116
-62
2
55
80
41
-23
-46
-103
-195
-231
-209
-172
-144
-118
-113
-120
-126
-128
-109
-52
13
25
44
60
-19
-157
-216
-239
-213
-149
-117
-108
-100
-79
-82
-134
-144
-83
-28
50
64
-8
-110
-153
-140
-165
-189
-173
-117
-106
-127
-138
-119
-88
-73
-119
-109
-27
-4
-41
-61
-134
-154
-124
-104
-101
-145
-162
-153
-140
-114
-87
-84
-136
-128
-108
-75
-7
22
12
-65
-123
-123
-113
-105
-131
-172
-205
-163
-115
-123
-140
-122
-72
-22
-6
-15
-78
-160
-178
-135
-53
-48
-90
-129
-156
-172
-158
-141
-103
-82
-92
-66
-67
-106
-95
-85
-85
-86
-113
-133
-111
-67
-85
-151
-190
-166
-119
-59
-80
-127
-140
-129
-93
-62
-39
-44
-37
-20
-70
-140
-192
-186
-160
-130
-119
-119
-139
-156
-114
-60
-66
-107
-104
-46
36
-17
-105
-162
-190
-187
-164
-144
-135
-117
-88
-51
-27
-82
-143
-155
-159
-141
-92
-49
-77
-113
-115
-109
-113
-149
-151
-114
-80
-86
-127
-141
-93
-24
-52
-101
-136
-132
-124
-132
-117
-69
-85
-131
-131
-103
-85
-95
-100
-128
-160
-123
-82
-100
-144
-132
-106
-88
-70
-75
-81
-82
-109
-120
-93
-109
-95
-69
-98
-121
-79
-40
-80
-159
-212
-194
-146
-129
-120
-108
-95
-69
-36
-76
-151
-137
-136
-130
-64
7
-29
-82
-136
-154
-150
-146
-119
-111
-145
-133
-105
-90
-74
-101
-121
-126
-118
-121
-139
-137
-115
-84
-63
-72
-95
-137
-148
-96
-59
-144
-157
-126
-137
-116
-101
-120
-99
-83
-113
-125
-127
-123
-106
-73
-56
-59
-98
-146
-138
-103
-98
-104
-93
-75
-103
-123
-138
-148
-148
-150
-131
-91
-87
-114
-92
-49
-56
-76
-80
-109
-107
-78
-57
-108
-131
-123
-128
-122
-132
-172
-164
-132
-86
-32
-74
-165
-190
-134
-96
-88
-64
-81
-80
-69
-104
-119
-124
-120
-100
-139
-155
-144
-114
-84
-57
-42
-82
-131
-136
-132
-130
-140
-112
-116
-122
-102
-94
-139
-169
-127
-65
-65
-101
-138
-119
-111
-113
-107
-83
-49
-56
-127
-162
-137
-120
-107
-113
-169
-175
-157
-119
-81
-73
-105
-103
-31
-50
-101
-121
-125
-119
-109
-89
-115
-165
-173
-144
-118
-103
-98
-107
-116
-114
-82
-63
-85
-103
-89
-67
-84
-120
-121
-126
-127
-125
-127
-139
-146
-147
-154
-152
-120
-96
-76
-43
-32
-90
-122
-110
-78
-80
-125
-159
-154
-142
-136
-123
-117
-120
-120
-97
-98
-110
-67
-30
-25
-43
-80
-76
-33
-89
-183
-210
-189
-179
-170
-147
-127
-117
-94
-61
-37
-52
-74
-121
-137
-47
-22
-97
-153
-177
-184
-170
-135
-116
-120
-117
-80
-97
-127
-108
-102
-115
-125
-130
-96
-88
-118
-114
-77
-88
-101
-100
-136
-151
-130
-140
-160
-123
-39
-40
-142
-177
-135
-76
-37
-70
-111
-123
-122
-114
-103
-87
-72
-87
-146
-156
-89
-102
-146
-145
-105
-97
-79
-119
-167
-166
-131
-88
-70
-54
-60
-82
-79
-55
-112
-149
-143
-121
-110
-99
-120
-151
-145
-135
-127
-111
-68
-40
-27
-87
-129
-143
-142
-141
-102
-71
-109
-157
-160
-146
-140
-117
-84
-68
-87
-94
-76
-53
-81
-140
-125
-130
-141
-154
-143
-113
-107
-127
-120
-99
-85
-70
-68
-100
-138
-140
-122
-79
-27
1
-95
-172
-176
-147
-113
-96
-122
-132
-129
-128
-111
-61
-52
-94
-114
-117
-123
-112
-93
-110
-115
-88
-74
-98
-95
-118
-118
-118
-107
-80
-105
-148
-162
-150
-108
-85
-92
-94
-92
-105
-100
-20
-27
-113
-140
-146
-147
-127
-101
-102
-103
-112
-75
-38
-63
-125
-177
-141
-93
-60
-71
-85
-102
-113
-130
-122
-97
-38
-73
-159
-186
-157
-102
-72
-119
-146
-140
-119
-106
-78
-69
-101
-64
-23
-60
-126
-152
-166
-134
-107
-117
-134
-140
-127
-96
-60
-55
-89
-129
-147
-146
-92
-12
-36
-115
-146
-128
-47
-14
-104
-144
-169
-158
-127
-118
-132
-127
-106
-69
-73
-117
-124
-94
-104
-118
-105
-94
-105
-103
-101
-95
-82
-48
-59
-96
-104
-135
-158
-122
-82
-53
-100
-185
-177
-146
-86
-21
-56
-108
-106
-87
-62
-65
-70
-137
-119
-56
-88
-127
-162
-166
-159
-162
-141
-106
-106
-108
-97
-72
-48
-52
-121
-150
-113
-66
-50
-91
-105
-145
-161
-147
-123
-97
-103
-116
-110
-87
-53
-48
-70
-81
-77
-129
-148
-99
-121
-160
-125
-118
-142
-110
-71
-62
-75
-72
-35
-1
-48
-124
-141
-157
-115
-138
-167
-162
-106
-67
-92
-148
-172
-149
-125
-97
-93
-103
-105
-81
-45
-60
-106
-120
-102
-98
-65
-59
-125
-157
-154
-146
-127
-117
-115
-107
-122
-111
-97
-72
-34
11
17
-104
-172
-157
-146
-159
-157
-135
-104
-92
-102
-120
-124
-117
-99
-45
-8
-70
-69
-72
-135
-174
-151
-101
-64
-99
-109
-113
-119
-133
-121
-86
-54
-71
-138
-134
-104
-65
-36
-102
-158
-141
-99
-64
-120
-160
-147
-121
-99
-84
-55
-41
-98
-119
-113
-90
-72
-104
-132
-131
-129
-121
-99
-106
-109
-105
-87
-108
-129
-112
-82
-19
-20
-84
-131
-160
-161
-138
-64
4
-79
-160
-157
-114
-100
-113
-124
-130
-127
-92
-47
-111
-127
-89
-53
-45
-77
-87
-176
-183
-134
-106
-107
-116
-121
-116
-108
-98
-84
-78
-107
-113
-62
-45
-111
-134
-123
-130
-105
-79
-103
-77
-54
-116
-153
-140
-86
-91
-150
-124
-111
-138
-131
-109
-64
12
-5
-125
-159
-140
-105
-79
-102
-113
-107
-102
-128
-85
-52
-92
-148
-142
-96
-62
-90
-146
-154
-142
-116
-59
4
-20
-73
-132
-129
-76
-142
-167
-152
-137
-130
-117
-109
-110
-102
-93
-81
-45
-51
-115
-137
-140
-136
-125
-109
-96
-91
-57
-66
-126
-128
-110
-85
-57
-90
-125
-107
-58
-49
-127
-164
-175
-166
-135
-128
-127
-106
-75
-56
-50
-41
-40
-119
-129
-116
-123
-78
-64
-114
-134
-134
-101
-73
-101
-140
-133
-116
-109
-70
-88
-168
-179
-116
-38
-31
-73
-101
-146
-147
-130
-104
-45
-10
-97
-152
-140
-139
-128
-90
-39
-11
-63
-106
-136
-127
-127
-127
-109
-91
-98
-131
-122
-102
-106
-87
-85
-102
-103
-76
-83
-96
-110
-146
-119
-84
-77
-88
-118
-119
-88
-102
-126
-135
-133
-129
-56
17
-12
-43
-4
-60
-157
-156
-132
-151
-155
-189
-184
-154
-118
-94
-78
-44
-74
-99
-70
-4
55
46
-32
-150
-206
-235
-207
-174
-168
-122
-106
-110
-38
-32
-155
-210
-172
-102
-91
-130
-94
-14
48
12
-58
-54
-86
-134
-172
-169
-172
-177
-148
-119
-66
-19
-54
-137
-132
-63
21
-2
-85
-179
-209
-127
-25
-8
-53
-140
-167
-174
-153
-146
-177
-182
-146
-113
-82
25
61
2
1
-16
-114
-200
-219
-170
-118
-111
-99
-95
-111
-112
-107
-126
-148
-84
1
-26
-115
-136
-130
-112
-93
-58
-37
-117
-148
-135
-147
-182
-162
-106
-69
-67
-93
-118
-80
-4
8
-114
-184
-180
-167
-109
-43
-9
-66
-115
-149
-149
-115
-84
-126
-117
-89
-75
-92
-131
-100
-64
-39
-42
-83
-165
-215
-204
-185
-169
-69
44
50
-76
-184
-155
-85
-85
-96
-69
2
20
-49
-168
-221
-211
-189
-157
-135
-78
-42
-93
-128
-120
-46
40
45
-39
-112
-158
-143
-98
-117
-184
-225
-206
-190
-169
-155
-120
21
104
58
-29
-102
-148
-165
-142
-105
-98
-112
-119
-120
-109
-110
-178
-174
-83
-41
-22
-86
-162
-137
-73
-34
-8
-45
-128
-185
-154
-71
-131
-181
-160
-53
-1
-7
-92
-191
-194
-149
-116
-114
-129
-133
-133
-136
-122
-59
-40
-79
-126
-71
10
-26
-57
8
3
-143
-211
-237
-243
-247
-230
-177
-82
-24
-38
-63
-60
-7
14
-60
-131
-163
-159
-149
-141
-91
-57
-75
-131
-177
-194
-206
-174
-95
32
165
203
68
-115
-199
-233
-246
-251
-250
-224
-199
-116
-7
39
-11
-108
-102
-3
67
84
7
-133
-207
-236
-247
-235
-153
-67
-19
5
-69
-161
-202
-191
-73
-38
-75
-114
-143
-162
-184
-189
-170
-128
-113
-103
-83
-52
-19
-42
-107
-117
-30
17
31
-21
-93
-154
-196
-214
-238
-248
-239
-188
-109
-63
-69
-36
3
5
-47
-107
-104
-66
-48
-83
-123
-166
-217
-220
-183
-158
-156
-137
-77
-30
-15
-7
-12
-81
-77
-48
-93
-185
-210
-198
-212
-232
-216
-129
-2
54
16
-73
-148
-164
-162
-95
2
-6
-44
-52
-128
-205
-219
-181
-150
-141
-137
-132
-123
-64
11
9
-57
-95
-97
-91
-5
7
-68
-165
-220
-241
-240
-147
0
85
33
-68
-178
-223
-182
-104
20
68
28
-69
-153
-212
-238
-248
-252
-231
-156
-90
-68
-93
-132
-104
-26
12
18
82
47
-81
-149
-182
-188
-170
-194
-231
-245
-251
-203
-125
-70
-25
-5
-38
-94
-107
-92
-9
76
80
20
-133
-207
-217
-166
-144
-167
-215
-240
-243
-183
-115
-81
-72
-28
38
93
75
-57
-109
-57
-57
-64
-148
-213
-238
-248
-241
-172
-114
-93
-81
-70
-95
-69
35
71
16
-2
-45
-91
-81
-51
-69
-140
-204
-235
-247
-252
-249
-235
-147
-66
-19
-3
4
16
1
-50
-48
-100
-138
-123
-128
-166
-208
-222
-189
-96
-6
-31
-118
-201
-202
-109
-4
26
-17
-97
-168
-143
-115
-45
-8
-24
-103
-196
-194
-133
-118
-141
-162
-116
-64
-54
-47
-30
-29
-88
-178
-225
-243
-245
-210
-168
-91
39
106
56
-24
-69
-114
-178
-161
-118
-154
-201
-233
-241
-204
-156
-127
-112
-106
-103
-83
-43
-7
0
-28
-73
-80
-67
-50
-81
-113
-162
-202
-210
-196
-172
-146
-126
-113
-107
-105
-104
-103
-104
-103
-96
-76
-60
-71
-87
-107
-119
-115
-111
-111
-111
-110
-112
-110
-107
-98
-82
-79
-95
-108
-110
-110
-112
-110
-108
-106
-100
-98
-106
-108
-107
-106
-104
-104
-103
-102
-103
-102
-98
-93
-94
-99
-106
-107
-106
-105
-106
-106
-106
-106
-105
-103
-102
-104
-105
-105
-105
-105
-105
-104
-105
-107
-109
-108
-108
-107
-107
-107
-106
-107
-107
-106
-106
-106
-107
-106
-106
-107
-106
-107
-106
-106
-106
-107
-108
-107
-106
-106
-106
-106
-107
-105
-105
-105
-105
-105
-104
-105
-105
-105
-105
-105
-105
-106
-106
-105
-105
-106
-106
-106
-106
-106
-106
-106
-106
-105
-107
-107
-106
-107
-107
-107
-107
-107
-108
-108
-108
-107
-107
-107
-106
-107
-107
-106
-106
-105
-105
-106
-105
-106
-106
-105
-105
-105
-104
-105
-106
-106
-105
-105
-104
-104
-104
-105
-104
-104
-103
-104
-105
-104
-105
-105
-105
-104
-103
-103
-104
-104
-104
-103
-103
-101
-103
-107
-107
-106
-105
-104
-105
-105
-105
-105
-105
-105
-105
-105
-106
-106
-106
-105
-105
-105
-106
-106
-106
-105
-106
-105
-105
-104
-104
-103
-104
-103
-104
-104
-104
-102
-103
-102
-103
-103
-103
-102
-100
-100
-100
-100
-99
-100
-100
-100
-101
-102
-103
-103
-104
-104
-105
-105
-104
-103
-103
-105
-105
-105
-105
-106
-107
-106
-105
-104
-104
-104
-105
-104
-104
-104
-105
-105
-104
-104
-105
-104
-104
-103
-104
