-11325
-101
-101
-102
-101
-101
-103
-105
-105
-105
-105
-106
-105
-105
-105
-105
-105
-105
-105
-105
-105
-105
-105
-105
-105
-106
-106
-106
-105
-104
-104
-105
-105
-105
-104
-105
-105
-104
-104
-105
-105
-105
-104
-104
-105
-104
-104
-105
-106
-106
-106
-106
-106
-106
-106
-106
-106
-106
-106
-106
-106
-105
-105
-105
-106
-105
-105
-105
-105
-106
-106
-107
-107
-107
-106
-105
-106
-105
-105
-105
-106
-106
-107
-106
-105
-105
-105
-105
-105
-104
-105
-105
-105
-105
-105
-105
-105
-105
-105
-105
-104
-104
-104
-104
-104
-104
-103
-103
-104
-105
-105
-104
-105
-105
-106
-106
-107
-106
-106
-107
-106
-106
-106
-107
-105
-104
-104
-104
-105
-105
-104
-105
-105
-105
-105
-105
-105
-105
-105
-106
-105
-105
-105
-105
-105
-105
-105
-106
-106
-105
-106
-106
-106
-105
-105
-105
-104
-104
-104
-104
-104
-102
-103
-104
-104
-104
-105
-104
-105
-105
-105
-105
-105
-106
-106
-105
-105
-105
-106
-107
-108
-107
-108
-108
-107
-106
-105
-104
-103
-102
-101
-101
-101
-103
-104
-105
-105
-105
-104
-104
-105
-107
-106
-106
-106
-105
-105
-106
-106
-107
-107
-106
-106
-106
-105
-105
-104
-103
-104
-104
-105
-105
-105
-105
-105
-105
-105
-105
-105
-106
-105
-104
-104
-104
-105
-104
-104
-104
-104
-104
-104
-104
-105
-106
-107
-106
-105
-106
-106
-105
-105
-106
-106
-106
-108
-109
-108
-108
-108
-108
-107
-107
-105
-106
-106
-107
-107
-107
-106
-106
-106
-107
-106
-106
-107
-108
-108
-106
-105
-104
-105
-106
-106
-106
-106
-106
-107
-107
-106
-105
-105
-105
-105
-105
-105
-104
-105
-105
-105
-104
-105
-105
-105
-105
-106
-107
-108
-107
-107
-106
-106
-105
-106
-106
-107
-106
-105
-105
-106
-107
-106
-106
-107
-108
-107
-106
-106
-106
-105
-104
-104
-105
-105
-105
-104
-105
-106
-107
-106
-106
-106
-106
-106
-106
-106
-106
-106
-107
-106
-105
-105
-106
-106
-107
-107
-106
-106
-106
-106
-106
-106
-106
-105
-106
-106
-106
-106
-106
-106
-106
-106
-106
-105
-104
-103
-102
-101
-101
-103
-104
-106
-107
-107
-108
-108
-108
-107
-106
-107
-107
-108
-108
-107
-108
-107
-106
-106
-106
-106
-106
-106
-106
-106
-105
-105
-106
-105
-104
-105
-105
-105
-105
-105
-106
-106
-106
-106
-106
-107
-107
-106
-106
-105
-105
-105
-105
-105
-105
-105
-105
-105
-105
-104
-104
-105
-105
-104
-104
-105
-105
-106
-105
-106
-106
-105
-106
-106
-106
-106
-106
-106
-106
-106
-106
-107
-107
-107
-107
-106
-106
-106
-106
-105
-105
-106
-107
-106
-106
-106
-106
-105
-104
-105
-106
-107
-106
-106
-105
-105
-105
-104
-105
-106
-106
-106
-107
-106
-106
-105
-106
-106
-105
-105
-106
-106
-106
-105
-105
-105
-105
-105
-105
-104
-104
-104
-104
-103
-104
-104
-104
-104
-104
-104
-104
-105
-105
-106
-106
-105
-104
-104
-105
-104
-104
-104
-105
-105
-105
-106
-106
-107
-106
-106
-105
-105
-105
-106
-105
-105
-104
-104
-104
-104
-105
-106
-105
-105
-105
-105
-105
-105
-105
-105
-104
-103
-103
-103
-102
-101
-102
-104
-106
-105
-106
-108
-109
-109
-108
-108
-108
-108
-107
-107
-107
-107
-106
-106
-107
-106
-107
-107
-105
-105
-104
-104
-105
-104
-104
-105
-105
-106
-106
-106
-107
-106
-106
-106
-105
-104
-104
-105
-106
-106
-106
-105
-105
-105
-106
-106
-106
-106
-105
-105
-106
-105
-105
-105
-105
-106
-106
-105
-105
-105
-105
-105
-104
-104
-104
-103
-103
-104
-104
-104
-105
-106
-106
-105
-105
-105
-106
-105
-105
-104
-105
-105
-106
-106
-106
-106
-105
-106
-107
-107
-107
-105
-106
-106
-105
-105
-106
-106
-106
-106
-106
-106
-106
-106
-105
-104
-103
-103
-104
-106
-106
-107
-107
-107
-108
-108
-109
-109
-108
-108
-106
-105
-104
-99
-90
-86
-87
-100
-112
-116
-116
-114
-107
-96
-87
-90
-105
-111
-114
-117
-118
-118
-119
-113
-110
-107
-110
-110
-103
-92
-87
-97
-110
-112
-110
-111
-113
-112
-106
-103
-104
-109
-116
-115
-113
-114
-111
-104
-98
-104
-111
-109
-104
-100
-99
-102
-103
-99
-93
-89
-90
-95
-99
-110
-113
-114
-115
-121
-122
-117
-111
-106
-102
-101
-99
-96
-95
-97
-107
-123
-136
-144
-150
-152
-147
-133
-119
-98
-68
-49
-54
-70
-81
-83
-87
-90
-95
-99
-107
-109
-107
-109
-111
-110
-110
-106
-105
-107
-116
-119
-115
-111
-105
-101
-100
-98
-101
-104
-108
-106
-102
-103
-106
-110
-112
-97
-93
-108
-123
-122
-111
-99
-99
-98
-102
-108
-109
-93
-81
-89
-88
-93
-108
-119
-117
-108
-109
-115
-124
-133
-132
-112
-69
-38
-42
-72
-95
-114
-135
-141
-124
-92
-88
-106
-120
-134
-142
-143
-137
-120
-92
-60
-44
-65
-108
-137
-144
-135
-112
-109
-108
-96
-83
-82
-79
-86
-93
-106
-121
-98
-85
-95
-126
-149
-152
-142
-128
-116
-106
-108
-118
-106
-69
-41
-39
-51
-72
-99
-126
-141
-154
-164
-155
-120
-100
-110
-117
-96
-82
-73
-67
-70
-71
-52
-49
-71
-106
-119
-112
-105
-141
-167
-143
-96
-90
-115
-134
-146
-138
-112
-93
-45
-26
-85
-161
-170
-129
-119
-129
-121
-90
-72
-66
-67
-95
-119
-166
-207
-190
-150
-118
-106
-82
-49
-39
-44
-60
-77
-87
-103
-152
-170
-140
-95
-84
-127
-127
-113
-130
-126
-114
-114
-105
-97
-112
-134
-113
-59
-44
-67
-74
-75
-106
-157
-173
-136
-90
-77
-102
-112
-77
-56
-89
-129
-161
-163
-108
-49
-52
-100
-123
-137
-159
-166
-151
-120
-95
-91
-116
-137
-89
-31
-21
-54
-67
-93
-135
-163
-158
-171
-187
-140
-88
-67
-27
-21
-57
-99
-119
-111
-114
-109
-132
-141
-108
-82
-78
-81
-88
-102
-114
-140
-144
-118
-93
-97
-100
-81
-77
-102
-138
-146
-136
-124
-102
-70
-45
-55
-93
-133
-109
-73
-81
-115
-146
-124
-115
-146
-166
-164
-131
-87
-43
-45
-57
-90
-125
-128
-126
-95
-53
-52
-73
-134
-171
-165
-158
-154
-121
-85
-67
-83
-82
-89
-84
-77
-95
-100
-123
-155
-162
-142
-86
-45
-70
-103
-74
-72
-104
-117
-144
-167
-161
-133
-93
-68
-69
-46
-60
-100
-137
-151
-132
-96
-93
-98
-103
-50
-30
-94
-120
-96
-76
-123
-163
-162
-143
-126
-127
-120
-47
12
-4
-52
-130
-197
-216
-186
-111
-32
-2
-69
-176
-170
-126
-70
-74
-130
-163
-150
-124
-90
-64
-70
-88
-108
-141
-172
-166
-140
-99
-34
-16
-61
-76
-114
-156
-149
-134
-134
-129
-80
-75
-89
-105
-126
-137
-118
-60
-35
-52
-87
-136
-151
-150
-156
-125
-90
-73
-68
-87
-133
-140
-110
-45
17
-15
-108
-168
-168
-166
-170
-130
-79
-54
-51
-60
-125
-197
-210
-175
-100
-31
-6
-14
-60
-117
-165
-181
-155
-93
-68
-95
-133
-149
-125
-112
-70
-24
-55
-109
-94
-87
-117
-97
-62
-96
-143
-127
-107
-127
-129
-100
-96
-119
-114
-119
-103
-77
-83
-109
-98
-51
-67
-98
-118
-113
-122
-173
-194
-182
-147
-108
-90
-62
-49
-69
-82
-81
-58
-54
-61
-93
-154
-171
-151
-129
-114
-104
-130
-144
-131
-125
-107
-84
-77
-70
-34
-36
-93
-156
-168
-127
-87
-65
-92
-141
-149
-123
-91
-93
-81
-71
-87
-70
-83
-127
-150
-124
-103
-122
-154
-133
-114
-103
-79
-71
-79
-85
-115
-128
-147
-118
-34
-15
-49
-72
-102
-145
-155
-171
-180
-148
-118
-103
-77
-37
-32
-67
-141
-188
-156
-104
-90
-86
-57
-54
-75
-103
-129
-140
-127
-145
-154
-124
-103
-104
-76
-28
-42
-78
-88
-120
-160
-178
-162
-135
-108
-93
-89
-85
-99
-113
-95
-47
-23
-38
-85
-144
-177
-169
-121
-87
-106
-131
-122
-106
-111
-122
-119
-91
-87
-120
-140
-119
-57
-40
-89
-141
-150
-120
-79
-61
-109
-167
-142
-70
-45
-52
-71
-113
-125
-108
-117
-125
-131
-132
-144
-129
-122
-120
-108
-53
-56
-85
-89
-89
-89
-87
-97
-123
-174
-175
-101
-41
-55
-95
-115
-89
-65
-103
-144
-131
-111
-123
-141
-135
-91
-42
-30
-73
-147
-171
-134
-72
-63
-96
-131
-135
-143
-154
-122
-73
-53
-64
-99
-155
-174
-152
-131
-116
-95
-65
-65
-80
-96
-125
-124
-109
-106
-115
-134
-135
-115
-98
-86
-57
-55
-89
-74
-36
-70
-132
-176
-194
-185
-136
-74
-33
-52
-106
-146
-131
-87
-58
-86
-104
-84
-74
-92
-131
-164
-114
-57
-54
-73
-106
-154
-177
-131
-88
-91
-91
-52
-55
-68
-50
-62
-102
-115
-82
-64
-89
-86
-50
-42
-84
-101
-82
-81
-53
-45
-107
-193
-231
-238
-149
-52
-40
-65
-80
-118
-152
-179
-199
-204
-196
-184
-99
9
35
-9
-58
-131
-196
-230
-226
-156
-64
-28
-65
-113
-127
-141
-86
-39
-17
-41
-102
-170
-205
-178
-139
-106
-117
-163
-147
-62
17
25
-7
-48
-148
-213
-239
-178
-80
-53
-62
-101
-121
-115
-118
-125
-123
-114
-129
-78
-49
-40
-65
-81
-93
-180
-226
-239
-154
-58
-5
-11
-40
-86
-180
-200
-177
-126
-34
-5
-27
-45
-90
-123
-129
-134
-171
-192
-169
-139
-137
-131
-116
-79
-22
19
24
-15
-30
-25
-69
-131
-163
-208
-236
-245
-217
-194
-118
19
119
139
104
45
-71
-182
-226
-243
-226
-56
-11
-134
-162
-111
-26
27
-81
-189
-229
-196
-53
98
98
-35
-132
-158
-187
-161
-33
96
87
-94
-192
-230
-236
-146
-59
-10
-38
-118
-175
-134
-48
50
102
-36
-170
-221
-240
-202
-189
-101
31
102
137
10
-147
-212
-238
-248
-195
-101
-85
-57
-58
-87
-101
-50
77
68
-66
-178
-224
-243
-139
18
88
68
-81
-152
-207
-236
-207
11
141
158
-30
-167
-208
-168
-186
-155
-56
34
45
-8
-151
-212
-125
-25
-15
-14
-102
-187
-179
-174
-180
-224
-239
-192
-85
74
130
56
-128
-205
-235
-247
-235
-168
-131
-116
-61
-31
-91
-81
88
190
226
76
-122
-202
-232
-197
-176
-222
-242
-250
-171
1
153
215
122
-99
-193
-230
-236
-128
-105
-116
-96
-129
-170
-186
-92
38
89
109
-51
-176
-223
-241
-177
-94
15
-38
-142
-153
-183
-114
12
114
137
-69
-182
-225
-206
-83
-12
-101
-196
-226
-201
-142
-62
-17
-15
-23
5
-42
-80
-151
-162
-151
-138
-162
-218
-241
-164
6
56
-24
-148
-182
-143
-184
-104
-42
5
72
123
39
-88
-174
-223
-242
-250
-253
-177
-54
-1
-71
-120
-149
-82
-12
56
13
-118
-202
-234
-211
-108
-11
19
-48
-134
-124
6
104
118
-43
-173
-222
-242
-206
-49
27
-27
-96
-176
-224
-189
-74
-38
-19
-26
-91
-182
-220
-237
-199
-156
-53
-12
29
-43
-96
-83
-118
-156
-150
-93
-71
-89
-93
-146
-168
-91
-62
-42
-80
-107
-77
-65
-154
-169
-75
-70
-162
-219
-235
-125
11
41
-42
-140
-140
-26
83
20
-121
-203
-234
-209
-165
-138
-119
-110
-114
-114
-128
-60
-39
28
101
37
-118
-201
-233
-226
-139
-66
-50
-70
-92
-117
-117
-86
-5
64
18
-135
-208
-236
-198
-72
-47
-109
-152
-160
-147
-43
41
10
-51
-88
-56
116
100
-91
-190
-229
-244
-212
-173
-172
-143
-102
-1
143
154
24
-50
4
-45
-172
-222
-242
-249
-206
-117
-66
-66
-84
-68
-22
14
-26
-78
-42
-5
-52
-107
-113
-87
-122
-185
-198
-152
-149
-124
-84
-63
-143
-178
-54
14
-38
-155
-158
-81
-9
6
-71
-104
-141
-208
-229
-165
-104
-91
-101
-146
-141
-83
8
74
11
-58
-33
-31
-116
-155
-159
-111
-103
-127
-186
-202
-179
-144
-123
-136
-93
-1
-47
-88
-89
-25
19
61
77
-69
-183
-226
-229
-181
-146
-145
-162
-186
-176
-138
-63
-1
-32
-9
51
121
85
-23
-141
-210
-237
-248
-249
-202
-153
-130
-100
-79
-97
-54
43
64
-3
-82
-113
-82
-9
-11
-132
-202
-176
-108
-95
-157
-190
-166
-152
-121
-90
-57
-56
-96
-66
-6
23
-20
-85
-145
-128
-101
-107
-91
-159
-201
-168
-146
-141
-128
-102
-88
-79
-25
-31
-113
-152
-143
-74
-5
-1
-63
-101
-82
-105
-158
-170
-153
-124
-132
-181
-138
-58
-55
-41
-17
-83
-144
-166
-139
-77
-80
-84
-29
-7
-81
-155
-193
-190
-141
-87
-70
-65
-54
-90
-172
-193
-161
-120
-80
-6
7
-23
-90
-131
-129
-117
-76
-71
-127
-177
-139
-83
-100
-148
-169
-143
-97
-54
-9
-18
-53
-113
-164
-174
-157
-123
-59
-36
-107
-180
-199
-189
-153
-75
-37
-32
-65
-107
-107
-83
-77
-80
-127
-151
-121
-68
-63
-113
-147
-160
-165
-145
-132
-131
-133
-112
-75
-53
-55
-53
-32
-35
-79
-134
-155
-145
-133
-113
-117
-122
-115
-110
-109
-130
-124
-111
-89
-15
44
-24
-127
-188
-182
-134
-109
-101
-115
-130
-132
-136
-142
-113
-114
-126
-104
-101
-104
-84
-75
-91
-71
-30
-50
-106
-146
-159
-138
-123
-108
-109
-109
-134
-143
-138
-151
-139
-111
-105
-123
-116
-78
-63
-79
-107
-93
-58
-72
-102
-127
-139
-142
-132
-142
-152
-134
-103
-100
-117
-135
-130
-60
-26
-49
-72
-109
-147
-135
-130
-119
-119
-121
-100
-94
-121
-148
-139
-110
-77
-52
-75
-107
-107
-128
-136
-124
-107
-105
-116
-122
-99
-91
-120
-128
-107
-84
-79
-103
-101
-95
-110
-115
-106
-84
-79
-113
-128
-137
-143
-127
-117
-118
-105
-94
-90
-90
-100
-122
-131
-138
-116
-101
-119
-120
-86
-106
-124
-117
-126
-113
-83
-84
-107
-119
-110
-105
-82
-85
-133
-119
-82
-71
-81
-123
-145
-155
-143
-118
-109
-106
-95
-98
-119
-78
-25
-81
-140
-147
-133
-129
-135
-127
-124
-123
-138
-127
-90
-74
-86
-103
-112
-121
-105
-96
-93
-103
-115
-122
-107
-82
-65
-40
-85
-151
-174
-166
-145
-110
-60
-37
-42
-80
-144
-185
-198
-130
-54
-61
-111
-114
-108
-85
-87
-121
-152
-160
-140
-110
-80
-69
-103
-116
-74
-39
-91
-129
-139
-133
-102
-97
-127
-155
-151
-112
-103
-74
-93
-149
-143
-104
-83
-113
-136
-101
-67
-73
-89
-104
-130
-154
-155
-119
-73
-57
-88
-102
-105
-112
-124
-96
-80
-98
-105
-134
-163
-168
-136
-115
-111
-90
-86
-106
-100
-78
-86
-108
-143
-127
-78
-97
-155
-158
-130
-80
-51
-86
-114
-90
-63
-84
-110
-143
-149
-92
-72
-128
-144
-86
-64
-80
-90
-86
-86
-130
-149
-123
-97
-84
-91
-159
-168
-89
-77
-138
-148
-121
-81
-84
-65
-15
-41
-110
-166
-159
-131
-139
-119
-94
-142
-161
-140
-129
-122
-109
-79
-69
-70
-86
-86
-80
-109
-66
-40
-107
-155
-156
-154
-161
-155
-130
-121
-131
-116
-89
-76
-65
-89
-86
-62
-60
-89
-102
-105
-108
-134
-161
-168
-158
-141
-112
-90
-104
-108
-106
-112
-104
-79
-84
-96
-80
-83
-75
-77
-77
-83
-105
-127
-153
-157
-140
-127
-141
-158
-133
-94
-83
-93
-112
-118
-92
-54
-78
-121
-153
-139
-102
-51
-37
-63
-56
-36
-63
-140
-156
-154
-158
-159
-159
-132
-104
-94
-94
-117
-118
-91
-80
-74
-64
-84
-107
-100
-121
-137
-132
-127
-118
-108
-89
-92
-105
-111
-100
-80
-41
-55
-107
-116
-122
-129
-104
-95
-130
-168
-147
-91
-77
-91
-117
-131
-118
-102
-95
-67
-78
-125
-134
-131
-128
-124
-97
-22
-16
-101
-155
-149
-125
-115
-101
-72
-87
-119
-127
-111
-128
-130
-116
-102
-83
-79
-93
-125
-128
-143
-133
-113
-93
-84
-101
-99
-86
-75
-95
-128
-135
-94
-53
-83
-149
-158
-136
-107
-76
-90
-112
-123
-118
-105
-78
-95
-136
-105
-34
-47
-130
-181
-137
-87
-54
-45
-83
-118
-133
-109
-68
-75
-134
-145
-136
-135
-145
-136
-101
-81
-111
-124
-79
-44
-67
-85
-118
-147
-143
-127
-98
-61
-60
-86
-124
-150
-143
-108
-87
-97
-117
-97
-86
-94
-95
-117
-153
-142
-128
-126
-114
-77
-70
-78
-98
-95
-71
-86
-145
-157
-115
-66
-101
-129
-115
-100
-87
-82
-97
-99
-96
-63
-40
-74
-110
-121
-106
-93
-164
-186
-143
-126
-109
-92
-87
-71
-43
-38
-48
-58
-84
-101
-58
-127
-192
-162
-143
-148
-145
-137
-133
-130
-108
-76
-84
-115
-95
-46
-59
-103
-129
-136
-101
-55
-67
-114
-139
-168
-129
-84
-76
-83
-88
-97
-94
-115
-137
-144
-148
-118
-54
-82
-134
-129
-74
6
-31
-111
-173
-177
-119
-83
-106
-112
-127
-125
-59
-42
-43
-73
-121
-139
-109
-76
-120
-139
-140
-108
-81
-75
-70
-106
-126
-135
-130
-100
-106
-142
-149
-109
-75
-65
-50
-99
-127
-124
-125
-114
-133
-155
-148
-135
-110
-91
-90
-70
-53
-55
-78
-80
-70
-150
-151
-93
-69
-82
-88
-112
-114
-142
-168
-133
-94
-93
-133
-152
-128
-109
-104
-97
-68
-55
-82
-113
-67
-24
-45
-106
-162
-199
-189
-153
-92
-80
-129
-138
-128
-108
-84
-45
-49
-80
-49
-62
-94
-104
-121
-130
-146
-152
-113
-97
-122
-136
-131
-117
-108
-105
-92
-68
-41
-46
-101
-108
-109
-116
-112
-97
-109
-130
-155
-150
-132
-106
-93
-89
-84
-79
-72
-82
-74
-82
-110
-143
-75
-16
-67
-141
-164
-141
-136
-136
-116
-108
-111
-67
-90
-106
-83
-104
-126
-106
-89
-85
-77
-76
-54
-91
-122
-128
-122
-126
-131
-127
-134
-139
-122
-96
-102
-122
-129
-83
-33
-32
-20
-106
-167
-162
-137
-90
-95
-101
-72
-89
-143
-157
-132
-120
-130
-100
-79
-81
-99
-84
-95
-63
-56
-100
-70
-87
-99
-126
-148
-146
-144
-146
-123
-118
-117
-110
-103
-100
-95
-73
-62
-34
-72
-129
-138
-130
-101
-74
-49
-75
-128
-171
-161
-121
-115
-113
-147
-160
-131
-79
-73
-24
-12
-28
-46
-122
-68
-84
-187
-197
-86
11
-13
-95
-138
-148
-147
-148
-132
-104
-37
-5
-73
-127
-160
-148
-113
-77
-110
-164
-166
-151
-132
-103
-74
-133
-146
-100
-80
-87
-53
-2
-30
-88
-84
-96
-137
-154
-132
-124
-162
-187
-148
-118
-124
-100
-74
-56
-43
-103
-185
-178
-129
-143
-155
-58
-19
-76
-65
-86
-109
-97
-71
-54
-35
-124
-196
-185
-149
-94
-92
-138
-152
-105
-46
-28
-109
-151
-134
-85
-58
-9
-39
-102
-146
-147
-129
-52
-6
-14
-78
-137
-151
-139
-152
-83
-39
-108
-122
-142
-149
-120
-158
-167
-142
-106
-100
-110
-85
-45
-70
-135
-94
-90
-104
-92
-170
-172
-89
-35
-36
-99
-120
-150
-164
-133
-64
-74
-125
-125
-133
-114
-25
-6
-87
-151
-145
-138
-121
-131
-122
-109
-135
-152
-99
-84
-110
-55
-41
-38
-51
-118
-113
-89
-125
-165
-149
-129
-111
-96
-72
-122
-147
-69
-52
-126
-164
-151
-117
-74
-73
-111
-97
-48
6
-33
-91
-137
-167
-185
-201
-133
1
2
-130
-202
-197
-166
-113
-47
-57
-134
-164
-110
-25
9
-10
-62
-106
-114
-148
-165
-125
-72
-104
-121
-93
-101
-148
-182
-168
-129
-89
-15
41
16
-30
-43
-135
-177
-88
-77
-164
-175
-148
-120
-84
-85
-140
-190
-193
-148
-65
25
-18
-34
-43
-99
-102
-48
-23
-122
-204
-234
-201
-114
-57
-68
-126
-167
-150
-121
-120
-101
18
159
75
-86
-87
-116
-189
-228
-244
-250
-237
-197
-160
-120
-25
32
-28
-45
53
104
29
-98
-194
-230
-245
-195
-89
-47
-106
-148
-149
-98
-10
47
59
-32
-166
-220
-239
-149
-50
55
155
50
-122
-202
-234
-247
-228
-130
-28
46
-1
-110
-166
-150
19
140
94
-111
-190
-167
-177
-217
-225
-217
-190
-163
-157
-93
0
92
97
92
-20
-163
-218
-240
-181
-107
-14
1
-62
-132
-187
-208
-184
-121
-32
-2
27
42
30
-23
-89
-176
-224
-207
-119
-57
-52
-98
-173
-216
-209
-170
-132
-119
-101
-60
-76
-111
-39
2
-60
-113
-100
-82
-98
-115
-94
-89
-128
-202
-227
-178
-120
-98
-117
-126
-140
-75
28
66
-42
-167
-220
-192
-119
-61
-82
-103
-60
-16
11
-50
-153
-183
-170
-207
-189
-134
-90
-66
-89
-108
-66
-58
-126
-131
-114
-151
-163
-101
-13
0
-26
-113
-197
-212
-186
-147
-80
4
9
-44
-117
-197
-232
-184
-99
-79
-110
-96
-72
-118
-140
-82
-36
-51
-131
-173
-167
-126
-32
16
-53
-147
-196
-206
-165
-76
-7
11
-75
-132
-167
-149
-136
-92
-24
-18
-107
-198
-232
-245
-212
-136
-9
73
38
-26
-106
-191
-176
-148
-99
-66
-77
-109
-142
-149
-164
-111
-107
-163
-168
-105
-25
27
15
-53
-144
-163
-98
-76
-137
-156
-186
-204
-191
-148
-56
2
-5
-58
-128
-164
-88
-23
-93
-181
-191
-173
-128
-42
65
17
-128
-183
-128
-125
-165
-158
-109
-53
-45
-59
-20
-30
-147
-213
-238
-248
-210
-111
-10
91
54
-64
-91
-87
-132
-194
-191
-173
-151
-102
-73
-103
-105
-54
-12
-9
-65
-142
-177
-168
-195
-202
-181
-62
27
46
-13
-67
-129
-148
-156
-166
-155
-119
-140
-152
-139
-81
-70
-100
-31
4
15
-11
-86
-127
-128
-175
-223
-241
-233
-215
-179
-105
-26
10
2
-63
-96
-36
-59
-153
-53
27
-48
-174
-223
-234
-156
-63
-60
-102
-86
-98
-137
-141
-105
-70
-23
35
25
-61
-160
-182
-185
-185
-130
-56
-77
-143
-183
-174
-89
58
74
0
-19
-50
-98
-45
23
-44
-171
-221
-242
-250
-197
-129
-122
-96
-75
-25
8
-12
-44
-82
-129
-113
-71
-66
-91
-96
-117
-127
-123
-151
-207
-199
-152
-122
-115
-114
-109
-93
-80
-69
-53
-11
1
5
-46
-101
-92
-72
-101
-174
-188
-178
-161
-144
-126
-116
-110
-106
-100
-101
-96
-94
-95
-94
-95
-92
-86
-64
-42
-60
-103
-129
-135
-135
-131
-120
-107
-95
-105
-111
-109
-106
-103
-100
-100
-101
-101
-100
-92
-84
-98
-106
-107
-108
-108
-106
-105
-103
-101
-96
-96
-99
-106
-113
-103
-97
-93
-101
-104
-93
-97
-105
-107
-104
-102
-102
-101
-101
-103
-103
-103
-104
-106
-108
-109
-105
-102
-103
-100
-94
-89
-104
-110
-110
-108
-106
-103
-105
-105
-103
-98
-89
-90
-107
-110
-108
-106
-106
-106
-107
-107
-109
-108
-107
-104
-106
-112
-111
-106
-104
-105
-106
-107
-108
-103
-107
-107
-107
-107
-106
-105
-109
-110
-108
-99
-106
-117
-115
-112
-113
-115
-110
-102
-99
-103
-106
-110
-111
-106
-103
-104
-104
-110
-116
-108
-107
-114
-123
-112
-103
-101
-102
-104
-104
-102
-105
-112
-110
-111
-112
-116
-112
-104
-105
-106
-107
-111
-119
-113
-102
-99
-101
-104
-106
-107
-107
-105
-102
-104
-107
-114
-113
-110
-109
-107
-107
-108
-110
-108
-104
-104
-112
-114
-108
-106
-106
-106
-106
-104
-105
-107
-108
-110
-117
-120
-117
-109
-107
