-11474
-105
-106
-106
-106
-106
-106
-105
-105
-104
-105
-106
-106
-106
-106
-105
-105
-105
-105
-105
-106
-106
-106
-106
-106
-106
-105
-106
-106
-105
-104
-104
-104
-104
-105
-104
-105
-106
-106
-105
-105
-105
-105
-106
-106
-106
-106
-107
-106
-106
-106
-106
-106
-107
-108
-107
-107
-107
-107
-106
-106
-106
-105
-105
-105
-106
-106
-106
-107
-107
-108
-107
-107
-106
-107
-108
-107
-107
-107
-107
-106
-106
-106
-106
-105
-105
-104
-105
-106
-106
-106
-106
-105
-105
-104
-105
-104
-105
-105
-105
-104
-104
-104
-104
-104
-105
-105
-104
-104
-104
-105
-105
-106
-106
-106
-106
-106
-105
-105
-105
-105
-104
-104
-104
-103
-102
-103
-104
-105
-106
-106
-107
-108
-108
-108
-108
-107
-106
-106
-107
-107
-107
-106
-106
-106
-107
-106
-106
-107
-108
-107
-107
-107
-107
-107
-106
-106
-106
-106
-106
-106
-106
-105
-104
-104
-105
-106
-106
-105
-105
-105
-105
-106
-104
-104
-104
-104
-105
-106
-106
-106
-106
-106
-106
-105
-105
-105
-106
-106
-106
-106
-106
-106
-105
-105
-106
-106
-105
-105
-106
-106
-107
-106
-106
-105
-104
-103
-104
-104
-104
-104
-104
-104
-103
-103
-103
-104
-105
-104
-104
-105
-105
-104
-104
-105
-105
-105
-106
-105
-106
-105
-104
-104
-104
-104
-104
-104
-103
-103
-103
-103
-104
-105
-105
-105
-106
-106
-106
-105
-106
-106
-106
-106
-106
-105
-105
-105
-105
-105
-106
-106
-105
-106
-105
-105
-106
-107
-106
-106
-106
-105
-105
-104
-104
-106
-106
-105
-105
-106
-105
-106
-105
-105
-105
-105
-105
-106
-106
-106
-106
-106
-106
-107
-107
-106
-105
-106
-106
-107
-107
-107
-107
-106
-106
-107
-105
-104
-103
-102
-102
-101
-102
-103
-103
-104
-105
-106
-107
-107
-108
-108
-107
-108
-107
-107
-107
-106
-105
-105
-105
-104
-104
-105
-105
-104
-104
-104
-104
-105
-106
-107
-105
-105
-105
-106
-106
-105
-105
-105
-105
-105
-104
-104
-104
-104
-104
-104
-104
-104
-105
-104
-104
-105
-105
-106
-106
-107
-107
-107
-106
-106
-106
-105
-106
-106
-105
-105
-106
-107
-108
-107
-106
-107
-107
-107
-107
-108
-108
-107
-106
-106
-106
-106
-106
-106
-107
-108
-107
-107
-106
-106
-105
-104
-104
-104
-104
-104
-104
-104
-104
-105
-105
-104
-105
-104
-104
-105
-105
-105
-105
-105
-104
-104
-103
-103
-104
-106
-106
-105
-105
-105
-105
-105
-105
-104
-105
-105
-106
-106
-106
-106
-106
-106
-107
-107
-107
-107
-107
-108
-108
-108
-109
-108
-108
-108
-107
-106
-107
-107
-107
-107
-105
-106
-106
-106
-106
-106
-107
-106
-105
-105
-105
-105
-104
-104
-105
-105
-104
-103
-103
-103
-104
-106
-107
-106
-107
-108
-108
-108
-107
-107
-108
-107
-107
-108
-109
-108
-107
-106
-107
-106
-107
-106
-104
-104
-102
-102
-102
-103
-103
-103
-105
-106
-107
-107
-107
-108
-108
-108
-107
-108
-108
-107
-106
-106
-106
-107
-107
-107
-105
-103
-104
-104
-104
-104
-106
-106
-106
-108
-108
-108
-107
-107
-107
-107
-107
-106
-107
-107
-107
-107
-107
-106
-106
-105
-105
-105
-106
-107
-106
-106
-105
-106
-105
-107
-107
-107
-107
-107
-107
-108
-107
-107
-107
-105
-104
-105
-107
-111
-112
-110
-108
-108
-108
-107
-104
-104
-107
-111
-113
-112
-111
-107
-100
-96
-96
-97
-98
-100
-102
-104
-105
-106
-106
-107
-106
-105
-106
-106
-105
-106
-106
-106
-106
-106
-106
-107
-107
-106
-106
-107
-108
-108
-109
-112
-116
-117
-110
-102
-99
-98
-97
-99
-101
-104
-104
-107
-109
-111
-116
-116
-112
-106
-101
-100
-108
-117
-116
-104
-89
-85
-89
-95
-100
-106
-117
-130
-135
-123
-101
-88
-87
-94
-104
-118
-119
-111
-98
-88
-90
-95
-101
-112
-121
-125
-127
-124
-112
-94
-78
-74
-79
-86
-96
-100
-101
-99
-102
-108
-114
-115
-116
-115
-108
-100
-96
-102
-102
-85
-97
-119
-127
-126
-117
-111
-112
-116
-113
-91
-76
-94
-121
-124
-107
-97
-101
-102
-103
-107
-104
-110
-116
-109
-101
-86
-87
-89
-75
-62
-90
-127
-148
-151
-150
-139
-127
-107
-93
-92
-102
-111
-117
-106
-73
-46
-66
-109
-133
-153
-165
-157
-128
-101
-90
-88
-93
-96
-81
-66
-72
-89
-97
-107
-116
-125
-136
-142
-135
-122
-111
-104
-106
-86
-77
-100
-119
-92
-73
-87
-96
-96
-106
-125
-135
-136
-136
-131
-90
-57
-68
-117
-142
-131
-116
-119
-111
-96
-69
-61
-59
-100
-135
-139
-117
-97
-89
-110
-138
-145
-138
-119
-83
-47
-40
-90
-125
-135
-135
-114
-86
-91
-118
-141
-120
-114
-94
-47
-22
-58
-117
-141
-140
-138
-116
-90
-102
-132
-140
-98
-49
-62
-124
-150
-143
-134
-107
-66
-71
-94
-95
-116
-122
-111
-91
-77
-75
-84
-102
-130
-128
-97
-75
-71
-69
-99
-123
-134
-146
-162
-151
-128
-101
-78
-67
-51
-29
-46
-46
-40
-94
-168
-212
-208
-153
-87
-91
-121
-127
-123
-102
-81
-39
-39
-86
-124
-123
-108
-107
-100
-82
-68
-94
-106
-98
-94
-129
-160
-180
-202
-204
-154
-65
0
-5
-37
-86
-122
-71
2
-44
-117
-161
-141
-100
-85
-124
-151
-144
-133
-124
-124
-132
-132
-88
2
99
67
-6
-57
-161
-217
-214
-196
-213
-225
-214
-190
-145
-86
1
20
-5
-20
-70
-133
-160
-183
-197
-154
-66
-7
-44
-90
-128
-157
-148
-119
-120
-125
-144
-129
-105
-71
-48
-74
-117
-138
-127
-122
-121
-79
-47
-63
-101
-108
-84
-129
-188
-176
-104
-55
-44
-60
-48
-45
-94
-156
-189
-148
-113
-110
-125
-137
-137
-108
-75
-83
-75
-58
-89
-118
-116
-109
-112
-133
-131
-126
-146
-119
-93
-53
-44
-78
-107
-134
-127
-108
-108
-101
-85
-80
-108
-146
-139
-127
-96
-43
-53
-91
-36
2
-58
-149
-181
-158
-132
-111
-83
-107
-140
-111
-71
-75
-96
-126
-174
-176
-121
-63
-36
-86
-101
-109
-145
-166
-181
-162
-131
-120
-55
-12
-61
-138
-165
-119
-57
-69
-103
-120
-146
-183
-168
-103
-44
-14
-5
-66
-106
-105
-156
-190
-185
-158
-136
-135
-134
-138
-99
-25
5
17
-11
-75
-113
-105
-139
-180
-157
-138
-133
-92
-41
-88
-187
-200
-132
-64
-57
-68
-78
-89
-106
-113
-89
-74
-73
-114
-142
-109
-88
-118
-179
-188
-151
-114
-99
-80
-31
-42
-83
-103
-68
-46
-83
-127
-165
-175
-165
-130
-104
-99
-120
-154
-127
-79
-52
-98
-85
35
55
-77
-174
-195
-190
-137
-104
-103
-136
-155
-152
-155
-155
-129
-104
-71
-34
-33
-73
-86
-45
-27
-28
-58
-101
-152
-197
-218
-202
-193
-166
-128
-105
-90
-68
-45
-30
-10
-13
-29
-97
-176
-221
-191
-124
-125
-135
-64
22
3
-79
-152
-173
-159
-144
-114
-76
-64
-47
-42
-76
-122
-147
-190
-197
-144
-129
-109
-86
-97
-111
-78
-68
-86
-87
-99
-129
-133
-75
-62
-109
-142
-124
-110
-89
-106
-139
-148
-136
-121
-118
-80
-41
-59
-100
-118
-100
-114
-156
-171
-145
-107
-62
-34
-39
-63
-100
-136
-138
-128
-112
-112
-125
-148
-159
-99
-47
-54
-100
-125
-111
-42
-33
-90
-149
-150
-121
-122
-158
-175
-138
-94
-92
-70
-42
-40
-51
-81
-151
-192
-145
-51
-12
-52
-102
-140
-155
-160
-168
-163
-122
-78
-83
-86
-73
-53
-38
-56
-129
-175
-160
-133
-110
-123
-137
-115
-79
-31
-9
-70
-170
-175
-117
-85
-82
-100
-128
-125
-106
-141
-149
-100
-56
-53
-76
-94
-81
-69
-49
-95
-127
-163
-203
-190
-164
-126
-71
-50
-56
-100
-114
-35
-34
-117
-199
-211
-197
-178
-131
-18
73
44
-71
-140
-165
-147
-158
-170
-163
-114
-84
-63
-34
-12
-63
-151
-176
-147
-147
-153
-138
-132
-132
-82
-20
0
-64
-129
-137
-121
-116
-156
-169
-142
-107
-62
-38
-60
-97
-107
-124
-137
-137
-157
-173
-164
-131
-62
-18
-40
-103
-130
-122
-110
-108
-132
-147
-124
-91
-80
-73
-28
-12
-45
-94
-160
-215
-189
-117
-77
-65
-93
-111
-123
-132
-127
-103
-61
-57
-87
-88
-107
-120
-96
-80
-93
-122
-117
-82
-64
-54
-85
-133
-152
-129
-82
-90
-113
-153
-153
-95
-30
-30
-83
-132
-139
-153
-161
-143
-100
-58
-20
-18
-74
-156
-208
-222
-207
-165
-114
-101
-98
-71
-57
-114
-161
-154
-126
-97
-54
-5
-12
-49
-76
-103
-148
-170
-158
-145
-133
-112
-71
-45
-50
-72
-114
-157
-153
-98
-27
-41
-127
-184
-139
-48
18
-41
-116
-153
-184
-189
-131
-58
4
35
-14
-83
-140
-196
-203
-176
-147
-149
-135
-78
-32
-39
-51
-71
-117
-124
-110
-58
11
9
-68
-122
-155
-199
-197
-182
-175
-169
-180
-139
-85
-62
-49
-26
-51
-76
-109
-178
-203
-205
-148
-72
5
-1
-48
-75
-136
-164
-75
11
22
-45
-127
-194
-231
-229
-180
-97
-27
-45
-92
-53
25
1
-116
-201
-234
-223
-110
7
-47
-111
-64
-49
-137
-176
-153
-138
-96
-55
-32
-55
-97
-111
-89
-105
-104
-140
-188
-219
-238
-222
-164
-36
130
205
101
-98
-172
-185
-204
-202
-179
-140
-148
-146
-135
-136
-110
-49
19
75
44
-86
-188
-228
-146
-41
-99
-193
-228
-196
-127
-83
-16
-41
-88
-85
-91
-109
-192
-230
-208
-50
132
130
-58
-178
-224
-243
-149
-2
-9
-31
85
75
-67
-182
-223
-207
-129
-21
-29
-150
-214
-197
-157
-97
-92
-74
38
43
-70
-144
-211
-231
-77
56
-40
-168
-217
-240
-249
-253
-208
-112
-10
55
28
-54
-54
52
75
-18
-103
-120
-160
-177
-224
-243
-250
-253
-219
-39
134
185
70
-86
-165
-90
-37
-49
-143
-210
-221
-28
52
-47
-169
-208
-61
31
-45
-139
-176
-184
-219
-135
-37
-24
-84
-117
-41
-18
-61
-98
-125
-152
-149
-172
-90
-3
-99
-196
-232
-244
-143
67
182
199
82
-109
-197
-231
-245
-251
-254
-218
-52
100
127
29
-57
-155
-204
-185
-203
-207
-232
-246
-244
-73
124
203
184
3
-143
-156
-109
-39
-57
-180
-225
-243
-241
-175
-157
-105
-16
69
144
132
-38
-169
-203
-169
-172
-137
-127
-202
-180
-104
-107
-102
-67
-40
-87
-161
-117
-100
-165
-125
-67
14
82
51
-75
-180
-178
-190
-229
-220
-185
-142
-107
-131
-58
51
17
-28
-56
-45
-18
-125
-204
-235
-243
-162
-78
-114
-119
-40
21
64
62
-35
-163
-218
-232
-191
-118
28
132
-22
-164
-218
-238
-135
24
77
48
-112
-199
-175
-106
-132
-102
-56
-47
-66
-46
-57
-29
-33
-100
-194
-231
-245
-152
-77
-97
-108
-35
-27
-101
-162
-49
93
178
70
-121
-202
-234
-239
-132
-6
76
-27
-160
-213
-170
-122
-107
-90
-72
37
78
-30
-104
-161
-197
-213
-174
-143
-183
-227
-210
-126
-73
-67
-83
-31
43
47
40
88
71
-65
-180
-225
-243
-197
-150
-128
-135
-174
-191
-183
-62
122
170
47
-110
-169
-151
-174
-200
-195
-154
-114
-136
-136
-142
-167
-121
20
116
79
18
-39
-100
-194
-230
-171
-108
-111
-135
-148
-162
-172
-99
-31
-1
21
11
-23
-103
-134
-202
-219
-177
-172
-150
-89
-45
-56
-135
-161
-140
-110
-77
5
32
-54
-155
-214
-154
-61
8
-1
-69
-108
-138
-195
-208
-153
-116
-129
-108
-47
-1
-36
-128
-142
-49
-1
-44
-108
-148
-160
-179
-188
-177
-141
-125
-146
-161
-92
41
70
-30
-127
-184
-213
-178
-133
-97
-59
-63
-101
-117
-129
-114
-108
-128
-105
-81
-75
-80
-120
-147
-155
-117
-71
-75
-72
-118
-103
-61
-95
-118
-146
-131
-106
-105
-129
-135
-142
-130
-72
30
40
-88
-152
-116
-29
17
-39
-147
-213
-233
-211
-167
-124
-112
-129
-131
-88
-30
-11
-43
-37
29
-37
-126
-146
-142
-142
-154
-188
-177
-152
-129
-122
-124
-134
-90
-47
-45
10
38
20
15
-94
-193
-218
-207
-200
-155
-121
-120
-124
-108
-63
-66
-138
-178
-138
-100
-54
13
5
-43
-106
-149
-155
-121
-102
-129
-145
-128
-120
-120
-111
-101
-118
-112
-103
-108
-55
-45
-91
-117
-116
-104
-93
-81
-76
-68
-122
-182
-189
-138
-99
-69
-48
-74
-108
-79
-52
-37
-56
-111
-127
-97
-130
-194
-203
-127
-69
-66
-35
-59
-111
-139
-135
-111
-56
-29
-76
-120
-129
-112
-118
-134
-117
-106
-77
-118
-114
-119
-117
-115
-122
-104
-110
-125
-127
-99
-54
-31
-24
-72
-133
-129
-91
-61
-92
-135
-134
-105
-113
-119
-85
-92
-137
-129
-125
-119
-140
-143
-121
-104
-102
-97
-64
-25
4
-10
-40
-120
-114
-99
-150
-179
-146
-140
-159
-127
-125
-95
-103
-143
-134
-109
-63
-39
-69
-73
-101
-92
-68
-110
-145
-156
-147
-81
-6
-92
-152
-135
-105
-103
-133
-122
-102
-126
-129
-129
-118
-78
-80
-133
-130
-94
-61
-54
-103
-99
-108
-99
-75
-108
-120
-107
-100
-101
-120
-153
-142
-54
-39
-106
-161
-167
-117
-47
-51
-112
-159
-149
-84
-32
-62
-156
-181
-158
-115
-86
-63
-136
-151
-117
-82
-27
-51
-104
-121
-176
-167
-100
-66
-85
-113
-128
-95
-5
-21
-157
-214
-183
-144
-118
-91
-90
-105
-66
-59
-91
-114
-138
-162
-134
-107
-86
-60
-79
-123
-120
-99
-43
-16
-98
-136
-169
-150
-132
-134
-111
-44
-82
-148
-134
-97
-115
-107
-76
-65
-82
-90
-118
-59
-104
-171
-122
-121
-149
-140
-95
-99
-107
-117
-127
-133
-120
-70
-45
-62
-85
-147
-143
-94
-39
-75
-109
-106
-115
-125
-146
-115
-55
-89
-79
-81
-121
-148
-135
-110
-56
-23
-100
-171
-174
-129
-119
-150
-156
-124
-96
-87
-34
-1
-81
-131
-114
-127
-139
-121
-123
-134
-114
-98
-89
-91
-132
-127
-92
-68
-75
-98
-146
-150
-114
-71
-26
-73
-125
-147
-164
-162
-134
-85
-78
-130
-123
-72
-46
-98
-151
-150
-95
-95
-135
-135
-132
-118
-111
-125
-128
-122
-113
-76
-35
-31
-85
-87
-68
-125
-145
-135
-161
-140
-118
-134
-115
-106
-104
-103
-95
-92
-82
-41
-78
-133
-97
-56
-105
-135
-127
-72
-61
-127
-175
-152
-108
-49
-81
-155
-142
-111
-80
-77
-91
-63
-116
-158
-102
-12
-87
-153
-157
-147
-152
-140
-115
-79
-37
-115
-169
-161
-95
-28
-80
-91
-77
-112
-135
-133
-131
-116
-112
-116
-127
-127
-92
-78
-46
-42
-115
-142
-120
-126
-125
-132
-121
-124
-119
-105
-120
-125
-111
-66
-55
-88
-97
-121
-129
-127
-115
-106
-101
-74
-77
-122
-126
-133
-140
-128
-113
-82
-74
-102
-92
-82
-96
-118
-156
-149
-93
-74
-110
-138
-125
-126
-112
-88
-60
-21
-3
-126
-178
-133
-87
-93
-147
-166
-155
-142
-111
-90
-94
-91
-65
-76
-96
-98
-127
-116
-59
-22
-44
-141
-208
-202
-136
-62
-72
-128
-155
-152
-135
-102
-31
-57
-149
-153
-122
-113
-98
-54
-90
-130
-110
-94
-98
-87
-108
-132
-133
-128
-126
-108
-102
-97
-61
-37
-88
-128
-140
-120
-109
-102
-88
-114
-137
-124
-130
-115
-98
-128
-127
-114
-100
-57
-59
-122
-128
-120
-114
-104
-93
-103
-89
-99
-104
-122
-135
-130
-120
-122
-126
-117
-104
-88
-73
-71
-78
-52
-50
-104
-107
-68
-67
-143
-199
-220
-182
-140
-119
-117
-124
-117
-97
-58
-64
-79
-93
-82
-55
-83
-132
-149
-131
-69
-37
-100
-173
-169
-117
-98
-133
-163
-160
-138
-118
-109
-94
-38
-30
-94
-103
-101
-126
-116
-95
-52
-67
-124
-146
-131
-130
-135
-103
-65
-104
-141
-124
-88
-81
-107
-149
-161
-125
-79
-90
-104
-122
-113
-89
-79
-109
-125
-103
-88
-60
-56
-84
-124
-104
-109
-137
-136
-131
-119
-74
-86
-130
-114
-120
-114
-42
-44
-114
-153
-104
-21
-5
-75
-122
-169
-173
-126
-90
-85
-149
-162
-120
-64
-91
-124
-143
-143
-130
-101
-85
-116
-168
-169
-145
-75
-52
-89
-129
-112
-51
-43
-89
-146
-165
-98
-47
-71
-138
-178
-170
-115
-76
-38
-100
-159
-141
-93
-60
-116
-126
-124
-131
-116
-90
-45
-70
-131
-106
-96
-54
-67
-106
-150
-144
-100
-84
-89
-128
-130
-106
-117
-160
-146
-92
-57
-83
-146
-109
-63
-93
-122
-133
-133
-127
-126
-109
-72
-43
-63
-127
-129
-80
-42
-65
-127
-176
-145
-110
-110
-84
-90
-110
-131
-139
-133
-113
-80
-66
-88
-72
-59
-94
-69
-86
-152
-156
-148
-148
-131
-86
-45
-65
-119
-127
-106
-85
-90
-128
-145
-116
-67
-77
-98
-110
-129
-124
-105
-119
-132
-113
-70
-62
-90
-106
-125
-101
-55
-82
-134
-142
-119
-75
-55
-93
-150
-147
-145
-114
-75
-92
-121
-124
-107
-98
-82
-67
-65
-120
-131
-132
-96
-87
-81
-77
-129
-114
-92
-110
-131
-133
-128
-121
-111
-83
-24
-74
-158
-143
-129
-95
-30
-48
-126
-139
-130
-127
-127
-120
-115
-108
-111
-113
-102
-95
-92
-87
-96
-109
-95
-40
-89
-138
-149
-112
-112
-149
-128
-101
-112
-121
-115
-114
-113
-96
-61
-53
-79
-86
-114
-114
-107
-88
-68
-116
-115
-82
-80
-125
-135
-91
-100
-125
-123
-138
-156
-135
-103
-89
-82
-41
-61
-123
-116
-88
-78
-124
-139
-116
-97
-118
-133
-119
-101
-93
-92
-92
-102
-108
-87
-52
-51
-77
-85
-121
-83
-53
-162
-190
-163
-147
-137
-119
-100
-90
-89
-92
-84
-47
-37
-16
-9
5
-49
-103
-123
-86
-104
-152
-192
-189
-169
-160
-154
-125
-78
-14
15
-63
-145
-106
-88
-127
-183
-221
-157
-32
-28
-134
-176
-156
-108
-112
-132
-122
-107
-102
-106
-90
-43
-15
-50
-71
-93
-151
-167
-155
-101
-76
-129
-187
-149
-122
-130
-123
-120
-108
-90
-40
-15
-66
-107
-127
-123
-87
0
-37
-124
-184
-165
-139
-107
-106
-140
-140
-147
-150
-119
-81
-63
-18
2
-23
-68
-83
-146
-173
-104
-106
-155
-100
-73
-116
-153
-157
-149
-145
-137
-92
-25
44
-19
-117
-125
-167
-173
-126
-111
-110
-58
-55
-142
-169
-148
-113
-73
-51
-69
-102
-47
-23
-115
-144
-103
-133
-148
-59
-50
-78
-108
-169
-178
-121
-77
-77
-115
-150
-179
-160
-118
-107
-115
-83
-23
-19
-35
-35
-63
-119
-156
-156
-90
-54
-71
-113
-146
-126
-117
-117
-132
-123
-108
-101
-91
-118
-122
-99
-109
-76
1
75
14
-42
-112
-147
-149
-144
-153
-175
-194
-181
-146
-78
32
110
72
34
2
-51
-129
-203
-234
-247
-229
-174
-160
-176
-181
-147
-129
-125
-90
-92
-94
-64
-7
-17
-82
-108
-107
-108
-140
-148
-149
-146
-128
-139
-147
-132
-122
-122
-114
-90
-76
-79
-105
-105
-64
-21
-66
-110
-69
-40
-100
-147
-156
-117
-139
-179
-181
-152
-129
-118
-103
-75
-61
-28
37
28
-20
-63
-42
-84
-188
-228
-240
-221
-171
-126
-74
-32
-42
-100
-145
-108
-45
-46
-77
-134
-155
-143
-130
-92
-61
-102
-139
-141
-146
-156
-161
-183
-193
-163
-79
-60
-62
-54
-34
-33
-77
-92
-95
-86
-66
-80
-143
-184
-168
-147
-134
-104
-72
-55
-48
-45
-34
-17
-34
-69
-124
-153
-125
-82
-120
-101
-80
-124
-197
-196
-174
-166
-154
-89
-23
17
0
-96
-140
-137
-101
-95
-105
-49
17
8
-60
-128
-181
-226
-242
-177
-105
-85
-71
-27
17
26
-33
-129
-185
-183
-148
-117
-98
-70
-13
33
28
-1
-41
-112
-161
-186
-148
-94
-112
-170
-170
-143
-29
39
3
-104
-196
-231
-213
-107
-6
0
-22
-90
-142
-167
-212
-234
-198
-116
-32
-44
-92
-137
-148
-136
-86
-49
-34
-31
-27
-27
-127
-206
-236
-216
-125
-78
-139
-168
-56
62
62
17
-27
-129
-202
-159
-104
-178
-225
-243
-239
-164
-102
-50
-9
63
90
79
-11
-101
-178
-224
-243
-225
-98
-52
-111
-170
-185
-158
-109
-15
51
18
-39
-105
-122
-79
-55
-72
-93
-104
-126
-160
-160
-158
-210
-237
-246
-192
-107
-52
-39
-34
-32
-20
-21
-75
-77
-52
-60
-103
-96
-132
-185
-178
-196
-194
-178
-180
-112
1
32
-53
-132
-59
14
58
62
-97
-176
-218
-240
-249
-244
-191
-121
-49
-46
-91
-130
-67
26
66
-34
-121
-183
-216
-174
-88
1
-33
-71
-48
-38
-112
-198
-232
-246
-210
-116
-66
-42
17
89
24
-57
-57
-105
-183
-226
-219
-121
-62
-43
-93
-131
-124
-88
-51
19
80
8
-132
-207
-209
-196
-195
-144
-63
-52
-101
-154
-165
-110
-46
-3
-6
-90
-188
-212
-154
-42
-2
-92
-157
-120
-26
-2
-70
-149
-174
-189
-229
-244
-177
-72
54
174
161
10
-143
-210
-237
-240
-141
-54
-43
-83
-67
-25
21
-8
-120
-202
-234
-231
-149
-49
-30
-61
-80
-1
23
-66
-175
-212
-167
-78
-11
-31
-117
-190
-207
-202
-96
-31
-74
-152
-185
-146
-56
-12
-6
1
-77
-147
-119
-44
-88
-149
-154
-132
-156
-185
-189
-152
-82
-47
-68
-85
-112
-92
-45
-38
-68
-116
-157
-197
-208
-181
-141
-110
-100
-83
-59
19
93
100
-9
-151
-214
-238
-224
-180
-146
-130
-118
-104
-101
-106
-109
-107
-101
-97
-99
-98
-91
-73
-39
-32
-60
-98
-126
-127
-119
-122
-126
-117
-112
-116
-118
-118
-116
-111
-107
-104
-102
-103
-108
-112
-108
-100
-94
-91
-92
-93
-93
-92
-96
-104
-108
-109
-107
-105
-104
-105
-105
-106
-105
-104
-104
-104
-104
-105
-106
-105
-105
-105
-106
-106
-105
-105
-106
-106
-106
-107
-107
-107
-107
-108
-108
-109
-109
-109
-109
-109
-108
-108
-109
-109
-109
-110
-110
-110
-111
-111
-111
-112
-111
-111
-108
-106
-108
-108
-107
-108
-110
-115
-115
-112
-111
-110
-110
-109
-109
-109
-108
-109
-110
-110
-110
-110
-110
-110
-110
-110
-110
-111
-110
-110
-109
-109
-108
-108
-109
-110
-110
-110
-110
-110
-110
-109
-109
-110
-110
-109
-108
-107
-108
-108
-109
-108
-108
-108
-109
-109
-109
-109
-109
-109
-109
-109
-109
-109
-110
-110
-110
-110
-110
-110
-109
-109
-109
-108
-108
-109
-109
-109
-108
-109
-110
-109
-109
-108
-107
-105
-104
-107
-108
-107
-106
-106
-105
-106
-107
-108
-109
-109
-109
-108
-109
-110
-109
-109
-110
-110
-110
-111
-110
-111
-109
-109
-109
-109
-109
-109
-109
-108
-108
-107
-107
-108
-107
-108
-108
-108
-110
-110
-109
-109
-109
-110
-109
-109
-110
-111
-111
-110
-108
-107
-108
-108
-108
-109
-108
-108
-107
-108
-108
-107
-108
-108
-107
-108
-107
-107
-108
-108
-107
-107
-108
-108
-108
-109
-108
-108
-108
-109
-109
-109
-108
-108
-109
-109
-108
-108
-108
-109
-109
-109
-109
-108
-108
-108
-109
-109
-110
-109
-108
-108
-108
-107
-107
-108
-108
-107
-107
-107
-108
-108
-107
-107
-107
-107
-108
-108
-109
-109
-109
-109
-109
-109
-109
-109
-109
-108
-108
-107
