-2427
-104
-103
-104
-105
-104
-105
-105
-104
-104
-104
-105
-106
-106
-106
-106
-105
-105
-105
-105
-105
-105
-105
-105
-105
-105
-105
-105
-106
-106
-105
-106
-106
-106
-106
-105
-105
-104
-104
-105
-105
-105
-105
-104
-105
-105
-105
-104
-104
-105
-105
-105
-104
-104
-105
-104
-105
-105
-105
-104
-104
-103
-102
-104
-104
-102
-103
-104
-103
-104
-105
-106
-106
-105
-105
-105
-104
-104
-105
-105
-106
-106
-105
-105
-105
-104
-104
-105
-104
-106
-106
-107
-107
-107
-107
-108
-108
-108
-108
-107
-106
-106
-106
-106
-106
-106
-106
-107
-107
-106
-106
-107
-107
-106
-105
-105
-104
-105
-106
-106
-107
-107
-107
-107
-108
-107
-107
-106
-106
-107
-105
-104
-104
-104
-103
-103
-102
-102
-102
-104
-105
-107
-108
-108
-107
-108
-108
-107
-107
-108
-108
-108
-107
-107
-106
-106
-107
-105
-106
-105
-105
-105
-106
-106
-105
-105
-105
-105
-106
-107
-107
-107
-107
-107
-107
-107
-106
-106
-106
-105
-106
-105
-105
-106
-106
-106
-105
-106
-106
-106
-107
-107
-108
-107
-108
-108
-108
-108
-108
-108
-108
-107
-107
-106
-106
-105
-104
-104
-104
-105
-104
-104
-104
-104
-105
-104
-105
-106
-106
-106
-106
-106
-105
-105
-104
-104
-103
-103
-104
-105
-104
-104
-105
-105
-105
-106
-106
-107
-106
-106
-106
-106
-106
-106
-105
-105
-106
-105
-104
-104
-105
-105
-105
-106
-107
-107
-107
-106
-106
-106
-106
-105
-106
-106
-106
-107
-106
-105
-104
-104
-104
-105
-105
-105
-106
-105
-105
-105
-105
-105
-106
-105
-105
-105
-106
-106
-105
-105
-105
-105
-105
-105
-105
-105
-105
-106
-106
-106
-106
-105
-106
-106
-105
-106
-106
-106
-105
-105
-105
-105
-105
-106
-106
-106
-106
-106
-105
-105
-105
-104
-104
-104
-103
-102
-102
-103
-104
-104
-105
-105
-105
-104
-104
-104
-105
-105
-106
-106
-106
-107
-107
-108
-108
-107
-106
-106
-106
-105
-104
-105
-105
-105
-105
-105
-106
-106
-106
-105
-105
-105
-105
-105
-105
-106
-105
-105
-106
-106
-107
-106
-106
-106
-106
-105
-105
-106
-104
-104
-104
-103
-104
-104
-105
-106
-106
-106
-106
-106
-106
-106
-106
-106
-106
-106
-106
-106
-106
-105
-104
-104
-105
-104
-104
-105
-106
-106
-106
-106
-106
-106
-106
-106
-105
-105
-105
-105
-105
-106
-106
-106
-105
-106
-106
-106
-105
-104
-105
-104
-105
-105
-105
-104
-104
-105
-104
-103
-104
-105
-105
-104
-105
-106
-105
-105
-106
-107
-107
-106
-106
-106
-107
-107
-107
-106
-106
-106
-105
-105
-105
-104
-105
-106
-105
-105
-105
-104
-104
-104
-104
-105
-106
-106
-106
-106
-106
-105
-105
-105
-105
-106
-106
-106
-105
-105
-106
-105
-105
-106
-107
-108
-109
-112
-114
-117
-122
-127
-128
-120
-106
-94
-91
-94
-98
-100
-98
-91
-89
-91
-95
-100
-108
-118
-128
-130
-128
-123
-112
-97
-88
-88
-88
-89
-88
-89
-93
-96
-100
-102
-104
-105
-107
-108
-111
-112
-113
-112
-111
-112
-114
-115
-119
-116
-108
-101
-95
-91
-92
-95
-97
-101
-107
-112
-115
-112
-105
-100
-100
-101
-105
-114
-121
-126
-121
-109
-108
-112
-112
-105
-94
-90
-94
-97
-95
-99
-105
-111
-112
-105
-98
-99
-104
-106
-102
-95
-95
-102
-110
-115
-116
-114
-113
-115
-119
-121
-122
-111
-94
-88
-90
-93
-95
-99
-98
-93
-89
-88
-85
-89
-98
-108
-111
-108
-114
-114
-105
-97
-92
-90
-81
-86
-109
-125
-116
-112
-119
-127
-126
-121
-115
-115
-119
-108
-94
-84
-90
-106
-105
-100
-95
-101
-99
-86
-84
-86
-82
-85
-101
-137
-157
-144
-130
-129
-120
-100
-75
-66
-75
-102
-120
-106
-97
-100
-99
-98
-91
-73
-66
-76
-108
-152
-181
-167
-137
-114
-113
-122
-121
-108
-90
-86
-104
-110
-95
-89
-97
-113
-111
-85
-50
-44
-74
-113
-141
-132
-102
-94
-115
-130
-127
-114
-88
-66
-85
-116
-117
-109
-92
-107
-135
-134
-102
-74
-62
-67
-104
-125
-156
-183
-182
-173
-145
-99
-66
-40
-53
-105
-135
-139
-123
-98
-90
-117
-132
-121
-116
-124
-123
-111
-107
-78
-56
-45
-69
-131
-156
-136
-87
-15
1
-74
-152
-186
-215
-188
-134
-76
-46
-54
-123
-194
-171
-90
-50
-71
-118
-132
-132
-113
-69
-25
-30
-97
-158
-186
-183
-120
-51
-29
-40
-53
-85
-95
-109
-134
-168
-191
-195
-196
-191
-146
-88
-17
37
39
-29
-78
-96
-114
-122
-179
-199
-149
-114
-119
-170
-190
-149
-116
-103
-61
-16
-8
-71
-139
-175
-187
-184
-101
-23
-29
-93
-118
-122
-85
-64
-63
-72
-88
-139
-172
-192
-226
-233
-175
-101
-53
-68
-43
-11
4
16
-64
-175
-223
-237
-199
-136
-113
-92
-53
-16
-22
-89
-79
-99
-174
-205
-171
-133
-134
-145
-131
-94
-61
1
26
-13
-81
-113
-116
-142
-191
-184
-128
-72
-78
-133
-147
-132
-135
-104
-64
-34
-52
-95
-95
-63
-54
-77
-152
-176
-150
-91
-31
-88
-172
-145
-105
-104
-117
-87
-49
-73
-142
-157
-148
-165
-128
-52
-14
-25
-45
-57
-96
-142
-192
-226
-232
-154
-19
74
22
-83
-131
-108
-120
-132
-80
-91
-137
-111
-90
-141
-185
-171
-127
-94
-80
-66
-97
-153
-104
-13
0
-80
-147
-149
-115
-126
-140
-124
-106
-84
-61
-33
-40
-81
-158
-199
-201
-155
-119
-69
13
40
-15
-100
-149
-142
-127
-134
-143
-163
-204
-210
-183
-119
-58
-24
-33
-55
-62
-61
-29
7
-50
-130
-117
-86
-123
-191
-230
-225
-117
-50
-34
-16
3
-27
-90
-104
-87
-65
-86
-155
-196
-143
-65
-23
-46
-118
-132
-154
-210
-227
-188
-106
17
75
23
-17
-46
-83
-151
-208
-220
-193
-113
-53
-107
-171
-189
-155
-84
-12
2
-88
-100
-92
-120
-131
-111
-119
-126
-137
-102
-81
-18
20
-50
-165
-205
-173
-132
-82
-38
-51
-115
-155
-156
-110
-53
-28
-16
-75
-181
-198
-112
-64
-32
-56
-120
-174
-170
-122
-64
-57
-78
-31
-3
-114
-201
-234
-234
-111
-29
-10
-29
-38
9
18
-44
-141
-182
-169
-182
-199
-150
-115
-106
-96
-58
-37
-4
-33
-100
-95
-120
-189
-204
-122
-92
-92
-73
-68
-108
-151
-150
-103
-100
-102
-31
46
44
-63
-175
-223
-211
-227
-212
-156
-102
-53
7
73
35
-29
-116
-184
-189
-133
-133
-203
-235
-222
-187
-58
79
42
-46
-75
-3
12
-34
-116
-196
-232
-237
-187
-167
-206
-230
-179
-109
-89
-34
5
0
-34
-59
-157
-207
-165
-160
-159
-135
-141
-196
-204
-205
-99
16
79
2
-125
-156
-134
-114
-173
-213
-224
-237
-224
-195
-145
-51
38
104
83
-91
-191
-229
-206
-185
-129
-125
-115
-85
-83
-109
-163
-212
-183
-152
-143
-147
-141
-62
55
20
-46
-17
-42
-161
-218
-238
-168
-70
-75
-168
-221
-242
-203
-168
-138
-102
-113
-79
57
175
82
-115
-199
-233
-246
-183
-105
-26
-51
-112
-124
-163
-83
-22
-68
-180
-225
-243
-249
-245
-185
-20
32
-22
-47
-50
-142
-182
-42
-16
-106
-183
-131
-9
-43
-174
-223
-212
-178
-94
83
188
184
-38
-169
-221
-241
-222
-96
-26
-13
-49
-53
-51
-122
-146
-163
-155
-1
66
-4
-138
-209
-237
-247
-238
-137
-39
30
94
180
92
-1
-132
-206
-235
-220
-54
3
-71
-128
-171
-207
-211
-179
-110
12
45
37
-88
-191
-215
-154
-25
86
18
-85
-154
-168
-169
-206
-235
-237
-22
97
26
-114
-137
-57
77
186
227
135
33
39
-55
-176
-223
-242
-250
-253
-254
-224
36
89
133
119
25
-24
4
-86
-177
-156
-162
-185
-227
-243
-248
-106
-12
-88
-188
-200
-19
95
17
-112
-149
-102
-81
-163
-118
-86
-105
-63
-92
-127
-194
-209
-24
39
-48
-112
-98
-57
-57
-21
-90
-191
-230
-232
-122
-34
-49
-132
-181
-135
-66
12
5
-48
-72
-40
-41
-112
-147
-183
-227
-243
-180
61
179
183
40
-136
-161
-131
-146
-202
-234
-148
91
191
85
-106
-169
-220
-241
-249
-253
-231
-40
83
173
203
94
-40
-113
-157
-216
-239
-192
-117
49
54
-133
-207
-210
21
164
176
48
-102
-120
-72
25
50
13
-126
-204
-234
-123
63
170
-19
-163
-218
-240
-120
105
197
229
22
-145
-211
-237
-248
-174
-126
-199
-234
-247
-252
-207
28
166
220
240
107
-67
-103
-186
-227
-235
-217
-241
-207
-84
37
120
3
-150
-96
16
-101
-196
-191
-122
78
48
-70
-183
-217
-197
-141
-42
-52
-154
-216
-194
-84
-71
-47
58
96
-16
-107
-67
-63
-122
-203
-178
-159
-123
-145
-51
12
-67
-184
-225
-243
-200
3
136
146
158
62
-115
-145
-126
-200
-233
-245
-162
-108
-161
-208
-205
-177
-51
132
207
235
195
-61
-178
-224
-242
-247
-176
-176
-225
-244
-199
-148
-97
20
163
218
239
202
-26
-164
-218
-240
-249
-251
-174
-26
-7
-136
-209
-185
26
159
102
-82
-174
-104
9
113
85
-79
-177
-223
-242
-173
-24
-32
-31
-3
-41
-113
-91
-73
-45
-36
-53
-115
-154
-85
-156
-171
-73
-49
-10
-16
-116
-202
-227
-57
96
100
54
-18
-153
-215
-198
57
123
18
-84
-187
-210
-148
-137
-148
-106
-65
-13
-7
-95
-108
-10
151
34
-141
-209
-225
-180
-44
-14
-105
-124
-3
5
-128
-187
-99
49
43
-131
-206
-204
-140
-82
-29
-14
-56
-165
-216
-221
-241
-188
-79
79
116
80
130
74
-72
-183
-226
-239
-166
-136
-138
-93
-73
-48
-92
-95
-92
-91
-93
-23
67
-26
-165
-215
-174
-122
-89
-56
-44
94
187
38
-141
-207
-59
-17
-152
-215
-220
-145
-94
-105
-92
-56
-27
-7
4
-43
-128
-191
-204
-183
-60
-28
-110
-198
-151
-105
-46
-52
-50
-123
-199
-229
-194
-95
-36
-67
-147
-137
-46
-60
-93
-13
50
-31
-166
-216
-181
-153
-105
-64
-130
-196
-199
-97
67
56
-102
-195
-205
-147
-125
-118
-60
27
34
-120
-192
-132
-83
-70
-118
-118
-146
-209
-229
-200
-197
-142
-15
0
-21
-30
-36
-89
-122
-201
-216
-200
-189
-124
-47
-24
-27
35
-2
-143
-211
-186
-169
-199
-232
-177
-93
-56
-60
-21
50
59
-24
-144
-211
-219
-173
-149
-138
-115
27
129
-30
-168
-220
-221
-174
-122
-103
-95
-86
-39
19
-42
-170
-221
-174
-102
-124
-168
-134
-68
14
59
-24
-166
-174
-56
-36
-144
-191
-204
-182
-136
-92
-122
-159
-159
-143
-50
56
106
86
-40
-170
-194
-209
-209
-210
-224
-210
-174
-127
-142
-185
-125
-60
-11
74
58
-66
-180
-224
-170
-152
-185
-217
-208
-184
-164
-124
-93
-93
-126
-132
-67
37
35
-68
-125
-119
-125
-165
-214
-213
-183
-167
-168
-130
-47
-52
-170
-171
-99
-62
-61
-118
-106
-41
-10
-48
-72
-101
-155
-212
-225
-193
-178
-163
-130
-105
-79
-73
-83
-76
-96
-96
-30
-22
-84
-123
-159
-194
-163
-141
-84
-38
-48
-71
-95
-85
-85
-131
-155
-154
-150
-142
-104
-83
-115
-130
-90
-39
-24
-68
-102
-131
-135
-114
-114
-98
-88
-93
-127
-130
-128
-104
-12
9
-123
-188
-139
-104
-98
-96
-156
-188
-144
-89
-63
-49
-66
-67
-88
-137
-115
-49
-57
-108
-118
-89
-57
-104
-144
-129
-87
-95
-133
-146
-121
-63
-1
24
-71
-152
-156
-101
-48
-81
-135
-141
-114
-111
-117
-78
-18
-84
-127
-127
-141
-172
-167
-111
-44
-16
-37
-58
-107
-162
-143
-99
-107
-121
-101
-124
-131
-127
-111
-77
-45
-78
-110
-76
-65
-90
-110
-86
-67
-80
-115
-133
-136
-103
-108
-144
-111
-61
-82
-132
-140
-116
-104
-86
-60
-97
-127
-107
-45
-29
-74
-139
-175
-173
-136
-86
-61
-71
-104
-96
-62
-44
-70
-81
-99
-167
-169
-146
-100
-91
-76
-61
-72
-59
-62
-85
-140
-194
-191
-154
-116
-98
-93
-51
-40
-101
-122
-94
-60
-28
-46
-113
-179
-198
-153
-122
-111
-107
-99
-80
-74
-64
-43
-75
-116
-141
-174
-155
-60
-25
-78
-129
-117
-96
-115
-99
-99
-110
-102
-91
-79
-34
-60
-157
-203
-202
-170
-123
-93
-57
-20
-50
-81
-76
-60
-52
-53
-54
-90
-172
-186
-148
-140
-157
-144
-125
-109
-94
-98
-92
-16
6
-52
-106
-115
-113
-93
-78
-69
-130
-173
-148
-118
-130
-131
-119
-127
-121
-85
-66
-50
-36
-52
-81
-104
-137
-140
-120
-109
-72
-66
-94
-145
-154
-132
-97
-69
-42
-36
-66
-120
-139
-121
-126
-131
-123
-122
-107
-96
-58
-52
-85
-113
-112
-107
-101
-115
-121
-80
-67
-128
-134
-81
-58
-98
-119
-81
-93
-93
-71
-101
-149
-155
-132
-87
-71
-77
-56
-62
-129
-154
-128
-83
-70
-93
-88
-99
-144
-168
-168
-102
-52
-70
-104
-124
-98
-19
-55
-128
-138
-118
-105
-103
-109
-104
-108
-92
-62
-107
-147
-139
-117
-78
-41
-45
-76
-103
-108
-101
-121
-155
-163
-144
-114
-33
-14
-99
-140
-139
-125
-98
-97
-118
-103
-54
-39
-83
-135
-165
-162
-115
-83
-51
7
-24
-103
-156
-174
-163
-153
-132
-109
-108
-86
-45
-42
-40
-71
-136
-163
-158
-141
-110
-100
-113
-138
-108
-100
-97
-76
-69
-80
-96
-109
-128
-117
-94
-87
-117
-122
-87
-74
-89
-60
-89
-169
-177
-166
-162
-129
-84
-78
-67
-53
-91
-106
-125
-135
-124
-109
-106
-82
-116
-140
-85
-34
-14
-62
-110
-103
-102
-98
-98
-149
-165
-116
-120
-116
-88
-89
-130
-143
-123
-117
-133
-115
-83
-93
-78
-16
-21
-68
-85
-94
-105
-142
-157
-144
-142
-191
-165
-92
-97
-112
-94
-53
-38
-113
-158
-120
11
59
-42
-155
-188
-159
-107
-119
-162
-163
-138
-122
-119
-120
-123
-130
-123
-78
-46
-95
-120
-73
-39
-65
-127
-123
-117
-96
-71
-92
-118
-157
-163
-161
-125
-41
-44
-102
-129
-137
-120
-108
-120
-125
-92
-69
-78
-113
-145
-142
-139
-142
-89
-59
-76
-113
-140
-119
-93
-75
-62
-67
-98
-116
-92
-116
-173
-199
-166
-122
-96
-63
-64
-73
-119
-153
-139
-120
-108
-71
-11
-1
-94
-144
-140
-147
-154
-123
-153
-161
-150
-148
-119
-96
-77
-58
-97
-138
-167
-149
-65
0
-15
-84
-152
-172
-149
-111
-136
-161
-165
-145
-153
-131
-94
-78
-89
-92
-56
-77
-120
-127
-74
-28
-53
-120
-163
-168
-183
-174
-108
-80
-121
-128
-106
-112
-101
-126
-146
-127
-80
-59
-85
-110
-83
-66
-123
-198
-205
-95
-21
-29
-60
-105
-150
-171
-164
-125
-71
-74
-112
-125
-150
-128
-63
-73
-141
-156
-139
-129
-117
-125
-118
-102
-87
-59
-50
-95
-155
-158
-142
-137
-116
-86
-53
-50
-56
-130
-170
-158
-133
-130
-130
-93
-38
-37
-78
-73
-86
-136
-170
-154
-90
-87
-79
-91
-141
-184
-168
-124
-104
-92
-83
-78
-77
-137
-178
-161
-86
-45
-47
-75
-80
-117
-146
-152
-139
-157
-167
-157
-129
-115
-84
-35
-10
-43
-90
-100
-56
-26
-81
-133
-168
-201
-209
-212
-200
-162
-129
-117
-74
1
24
-9
-72
-149
-176
-147
-102
-88
-100
-108
-132
-142
-125
-135
-147
-133
-131
-69
-11
7
-21
-88
-138
-195
-203
-151
-134
-108
-94
-103
-126
-114
-61
-54
-73
-131
-177
-179
-128
-49
-51
-81
-113
-150
-161
-132
-127
-116
-104
-107
-102
-46
-31
-47
-18
-55
-150
-187
-165
-129
-155
-177
-178
-141
-101
-55
10
0
-57
-113
-140
-150
-144
-113
-110
-61
-29
-78
-137
-176
-181
-166
-129
-81
-42
-57
-121
-146
-93
-74
-127
-108
-56
-46
-86
-126
-116
-105
-168
-180
-158
-142
-116
-95
-71
-59
-80
-100
-115
-108
-129
-123
-54
-19
-56
-134
-163
-141
-125
-71
-44
-102
-133
-114
-116
-117
-75
-75
-112
-138
-151
-99
-13
-61
-109
-144
-148
-139
-153
-143
-127
-119
-114
-84
-52
-56
-88
-92
-59
-74
-134
-154
-135
-92
-111
-156
-91
-45
-63
-88
-96
-85
-110
-162
-160
-105
-77
-72
-96
-118
-114
-94
-101
-93
-67
-98
-52
38
-24
-148
-209
-187
-144
-122
-115
-129
-107
-70
-84
-59
26
69
30
-63
-146
-211
-230
-203
-196
-193
-204
-214
-149
-24
57
62
40
-5
-95
-136
-89
-20
-39
-124
-184
-182
-206
-236
-247
-216
-142
-86
12
141
127
-2
-132
-193
-166
-151
-161
-172
-147
-150
-145
-133
-148
-140
-112
-95
-40
-28
-72
-23
93
66
-114
-191
-181
-195
-193
-161
-126
-117
-141
-143
-81
31
48
-25
-136
-200
-148
-52
-58
-152
-180
-179
-183
-188
-180
-167
-165
-121
0
127
139
55
-47
-117
-194
-230
-219
-147
-132
-187
-190
-150
-126
-108
-101
-34
19
-1
-27
-37
-118
-164
-182
-140
-92
-53
-62
-95
-143
-198
-184
-174
-158
-130
-117
-49
34
63
40
-57
-141
-166
-219
-236
-181
-154
-157
-135
-118
-112
-118
-126
-80
-37
-32
-24
-35
-89
-80
-89
-109
-144
-138
-115
-112
-97
-101
-116
-135
-124
-84
-82
-93
-90
-77
-58
1
53
-72
-183
-180
-155
-130
-144
-184
-175
-157
-159
-151
-116
-68
-47
-80
-102
-105
-78
-37
-67
-112
-94
-80
-121
-136
-128
-111
-92
-90
-144
-203
-188
-123
-96
-89
-34
-48
-66
-68
-82
-66
-83
-141
-179
-163
-136
-99
-59
-10
6
-50
-124
-182
-214
-196
-167
-120
-74
-7
15
-28
-109
-156
-137
-59
-21
-49
-155
-211
-179
-112
-106
-93
-58
-45
-18
-22
-32
-113
-185
-227
-195
-100
-18
-36
-131
-186
-185
-159
-81
7
-7
-71
-104
-79
-92
-98
-43
-51
-60
-78
-119
-132
-173
-215
-234
-197
-166
-164
-142
-19
35
58
2
-45
-51
-148
-213
-222
-200
-152
-127
-111
-99
-161
-211
-205
-184
-145
-27
96
126
73
-36
-99
-36
3
-48
-162
-218
-240
-250
-253
-216
-114
31
163
207
135
-40
-170
-184
-202
-234
-246
-197
-78
-86
-113
-46
8
-5
-86
-146
-112
-106
-36
-37
-136
-193
-210
-222
-203
-179
-112
-86
-81
8
51
3
-61
-138
-209
-195
-141
-145
-206
-221
-227
-213
-122
-9
-11
-61
7
68
-5
-136
-169
-183
-192
-182
-179
-195
-221
-223
-97
50
76
-39
-142
-117
-71
-105
-75
-15
-46
-102
-103
-178
-224
-243
-250
-205
-108
-72
-67
-25
8
64
114
75
-21
-120
-201
-179
-104
-139
-197
-204
-211
-235
-229
-225
-165
-59
7
-4
17
35
-60
-120
-79
-71
-125
-175
-219
-241
-190
-79
-73
-137
-160
-144
-78
-15
-32
-113
-123
-46
0
-73
-176
-224
-210
-117
-52
7
-60
-166
-220
-202
-121
-69
-43
-116
-173
-161
-85
-97
-37
105
163
113
-56
-177
-224
-242
-250
-253
-223
-157
-85
-12
43
112
120
35
-71
-95
-91
-19
11
-102
-195
-231
-245
-249
-174
-78
-58
-99
-100
-117
-115
-58
2
-9
-92
-65
-11
-52
-101
-187
-201
-119
-87
-116
-152
-151
-63
41
-3
-72
-180
-225
-186
-108
-4
-41
-130
-147
-96
-34
2
-63
-181
-221
-233
-141
30
61
15
-118
-202
-233
-172
-76
-33
-81
-127
-124
-123
-16
114
119
-1
-154
-215
-238
-151
-11
49
-46
-128
-139
-121
-71
-108
-191
-222
-115
36
166
88
-114
-199
-232
-246
-196
-136
-140
-182
-182
-58
43
58
52
31
-18
-151
-214
-218
-99
-25
-46
-88
-156
-176
-169
-135
-89
-95
-99
-116
-145
-105
-90
40
86
-8
-139
-209
-159
-44
-88
-192
-230
-204
-126
-80
-70
-56
-83
-122
-72
-73
-6
23
-65
-158
-201
-227
-157
-4
133
113
-25
-163
-215
-182
-186
-208
-165
-84
-20
-54
-156
-157
-58
-36
-71
-93
-99
-99
-67
32
38
19
-30
-150
-212
-186
-148
-130
-121
-96
-119
-182
-166
-53
34
41
-34
-128
-205
-235
-229
-84
26
96
159
91
-41
-112
-170
-190
-198
-201
-164
-97
-80
-90
-96
-105
-147
-130
-93
-128
-141
-136
-130
-110
-57
-7
45
55
26
-42
-130
-205
-230
-203
-167
-139
-110
-91
-110
-153
-151
-120
-119
-129
-130
-125
-117
-111
-106
-95
-78
-80
-108
-113
-88
-61
-63
-85
-109
-120
-112
-118
-126
-126
-113
-110
-115
-121
-121
-118
-115
-112
-110
-109
-109
-110
-110
-110
-111
-111
-113
-113
-114
-113
-113
-114
-115
-115
-114
-113
-114
-115
-115
-114
-114
-113
-112
-112
-114
-115
-116
-117
-117
-118
-118
-117
-118
-117
-117
-118
-118
-117
-117
-117
-118
-118
-117
-117
-117
-118
-116
-116
-117
-117
-117
-117
-118
-118
-118
-118
-118
-118
-118
-118
-118
-119
-118
-117
-120
-120
-120
-120
-119
-119
-120
-119
-119
-120
-119
-119
-119
-119
-120
-119
-118
-119
-119
-119
-119
-119
-119
-119
-120
-119
-119
-120
-119
-119
-120
-119
-118
-117
-118
-118
-118
-119
-119
-119
-119
-118
-117
-117
-117
-116
-116
-115
-115
-114
-115
-115
-115
-114
-114
-114
-115
-114
-114
-115
-115
-114
-113
-113
-112
-111
-111
-111
-111
-112
-112
-112
-113
-113
-112
-111
-111
-112
-111
-110
-110
-110
-110
-110
-110
-111
-109
-108
-110
-110
-111
-110
-110
-111
-111
-110
-110
-110
-110
-109
-108
-108
-108
-109
-109
-109
-109
-109
-108
-108
-107
-105
-104
-104
-104
-103
-103
-103
-105
-106
-106
-105
-105
-106
-107
-106
-106
-106
-106
-105
-104
-105
-104
-104
-104
-105
-104
-104
-104
-103
-102
-101
-101
-101
-100
-99
-100
-100
-101
-100
-101
-101
-101
-101
-102
-101
-100
-99
-99
-99
-100
-99
-99
-99
-99
-100
-98
-98
-99
-98
-97
-97
-97
-97
-96
-95
-97
-98
-99
-99
-99
-99
-99
-99
-99
-99
-99
-99
-98
-99
-97
-95
-96
-96
-96
-96
-97
-97
-97
-97
-97
-97
-98
-97
-97
-98
-98
-97
-98
-97
-97
-96
-95
-96
-97
-97
-96
-95
-95
-95
-95
-95
-96
-96
-96
-96
-98
-98
-98
-97
-97
-98
-97
-97
-96
-96
-96
-95
-96
-97
-98
-98
-99
-99
-98
-97
-97
-97
-97
-97
-97
-97
-97
-96
-96
-96
-97
-96
-97
-97
-98
-97
-98
-98
-98
-97
-96
-96
-95
-94
-93
-93
-92
-93
-94
-96
-98
-99
-98
-98
-99
-100
-99
-100
-101
-102
-102
-101
-101
-101
-101
-100
-99
-100
-99
-100
-100
-99
-99
-98
-98
-98
-98
-98
-98
-100
-101
-101
-101
-100
-101
-101
-100
-100
-99
-99
-99
-99
-100
-99
-99
-99
-99
-99
-99
-100
-100
-99
-99
-100
-100
-100
-100
-100
-100
-100
-101
-100
-100
-100
-98
-98
-98
-98
-98
-98
-98
-98
-99
-99
-100
-100
-101
-101
-101
-101
-101
-100
-100
-101
-100
-99
-100
-100
-101
-101
-101
-100
-99
-100
-99
-99
-100
-100
-99
-99
-99
-99
-100
-100
-100
-100
-99
-98
-98
-98
-98
-96
-96
-97
