-102
-106
-106
-106
-106
-105
-105
-105
-106
-106
-105
-106
-106
-106
-106
-106
-106
-106
-105
-105
-104
-104
-104
-105
-105
-106
-105
-105
-105
-105
-106
-105
-106
-106
-105
-106
-106
-107
-106
-104
-104
-105
-105
-105
-105
-105
-105
-105
-105
-105
-104
-105
-106
-106
-107
-106
-105
-105
-103
-104
-105
-106
-106
-105
-105
-105
-105
-105
-104
-105
-105
-105
-105
-106
-106
-104
-104
-104
-105
-104
-105
-106
-107
-107
-107
-107
-107
-105
-105
-104
-104
-102
-101
-101
-101
-101
-102
-103
-103
-105
-105
-106
-106
-107
-107
-107
-107
-107
-106
-106
-106
-106
-106
-107
-107
-107
-107
-106
-108
-108
-107
-107
-106
-106
-106
-106
-106
-106
-106
-106
-104
-104
-105
-105
-104
-104
-104
-105
-104
-104
-104
-105
-104
-104
-104
-105
-105
-104
-105
-106
-105
-105
-106
-105
-105
-105
-105
-106
-106
-105
-106
-106
-105
-105
-105
-105
-105
-106
-106
-107
-107
-106
-107
-107
-106
-105
-105
-106
-108
-106
-105
-105
-106
-106
-105
-106
-106
-106
-106
-106
-106
-105
-106
-106
-106
-107
-105
-105
-106
-107
-107
-107
-106
-106
-105
-105
-105
-105
-105
-105
-105
-105
-106
-106
-106
-106
-107
-106
-106
-106
-107
-107
-106
-107
-107
-107
-107
-107
-107
-106
-106
-107
-107
-107
-107
-106
-106
-105
-104
-103
-103
-104
-104
-105
-105
-105
-105
-105
-105
-105
-105
-106
-106
-106
-106
-105
-104
-104
-104
-105
-105
-105
-105
-106
-106
-106
-106
-105
-105
-106
-106
-105
-106
-106
-106
-106
-106
-106
-106
-106
-106
-105
-105
-106
-105
-104
-104
-104
-105
-104
-103
-102
-102
-102
-102
-103
-104
-105
-107
-107
-108
-109
-109
-109
-109
-107
-106
-106
-107
-106
-105
-105
-105
-105
-106
-106
-105
-105
-105
-106
-107
-106
-105
-105
-106
-106
-105
-104
-103
-104
-104
-105
-106
-106
-106
-105
-106
-105
-105
-105
-106
-106
-105
-105
-106
-107
-106
-105
-105
-105
-104
-105
-105
-106
-106
-106
-105
-105
-106
-107
-106
-106
-106
-105
-105
-106
-107
-106
-106
-107
-107
-106
-107
-106
-105
-105
-105
-105
-106
-105
-104
-105
-106
-106
-106
-107
-106
-106
-105
-105
-105
-106
-105
-104
-104
-104
-103
-103
-105
-106
-105
-104
-104
-104
-105
-104
-104
-104
-104
-105
-106
-106
-106
-106
-105
-106
-107
-106
-105
-105
-105
-106
-106
-106
-107
-107
-106
-106
-105
-106
-106
-106
-106
-105
-104
-104
-104
-104
-105
-106
-106
-107
-106
-106
-106
-106
-106
-105
-105
-105
-104
-104
-105
-106
-106
-106
-105
-105
-104
-104
-105
-106
-106
-106
-106
-106
-106
-107
-107
-105
-104
-105
-105
-106
-106
-106
-105
-105
-105
-106
-106
-106
-106
-106
-105
-104
-103
-102
-100
-101
-102
-103
-104
-105
-106
-108
-108
-108
-107
-107
-107
-107
-107
-107
-106
-105
-105
-105
-105
-105
-105
-105
-106
-106
-105
-105
-104
-104
-105
-106
-106
-105
-105
-105
-104
-105
-105
-105
-105
-105
-104
-104
-104
-105
-105
-105
-105
-104
-105
-105
-105
-105
-104
-104
-104
-105
-105
-105
-107
-106
-105
-106
-105
-105
-106
-106
-107
-107
-106
-105
-105
-106
-106
-106
-106
-106
-107
-107
-107
-107
-107
-106
-107
-106
-106
-106
-107
-106
-106
-105
-105
-106
-107
-107
-106
-106
-106
-107
-106
-106
-107
-107
-106
-106
-105
-106
-106
-105
-105
-107
-107
-107
-107
-106
-106
-106
-107
-108
-108
-108
-108
-108
-107
-106
-106
-107
-107
-106
-106
-105
-105
-105
-106
-106
-106
-106
-106
-106
-105
-104
-104
-103
-104
-105
-104
-104
-104
-105
-105
-105
-105
-105
-106
-105
-105
-105
-105
-106
-106
-105
-106
-106
-106
-107
-107
-107
-107
-107
-106
-106
-106
-105
-104
-104
-104
-104
-104
-104
-103
-103
-104
-105
-105
-105
-105
-104
-103
-103
-103
-103
-102
-103
-103
-104
-104
-105
-106
-107
-108
-107
-107
-108
-108
-107
-108
-107
-107
-107
-108
-108
-107
-107
-106
-106
-107
-106
-106
-106
-105
-105
-105
-105
-105
-105
-104
-104
-104
-104
-104
-104
-104
-104
-103
-101
-103
-105
-106
-106
-105
-104
-104
-104
-104
-104
-104
-106
-106
-106
-105
-103
-103
-105
-104
-103
-103
-101
-97
-92
-88
-94
-107
-114
-115
-116
-116
-114
-113
-112
-111
-110
-110
-109
-106
-104
-104
-104
-104
-107
-109
-112
-114
-112
-108
-103
-100
-98
-97
-98
-101
-106
-109
-115
-114
-106
-101
-97
-97
-99
-101
-105
-107
-109
-102
-90
-85
-88
-98
-110
-118
-125
-128
-125
-117
-107
-98
-96
-103
-109
-115
-116
-116
-117
-115
-109
-101
-98
-94
-88
-81
-77
-82
-96
-93
-80
-88
-117
-144
-152
-139
-123
-116
-113
-108
-105
-104
-103
-105
-102
-97
-90
-82
-74
-81
-101
-108
-103
-97
-90
-101
-115
-115
-92
-66
-48
-63
-104
-131
-137
-128
-119
-118
-127
-136
-121
-105
-98
-78
-56
-64
-102
-133
-140
-134
-137
-138
-128
-114
-103
-97
-99
-98
-103
-100
-81
-70
-93
-132
-149
-137
-102
-100
-113
-117
-121
-123
-120
-106
-83
-70
-83
-114
-137
-115
-80
-76
-98
-117
-127
-118
-97
-94
-126
-140
-122
-98
-94
-110
-125
-125
-110
-88
-47
-15
-12
-54
-93
-130
-155
-154
-151
-141
-144
-144
-140
-134
-107
-58
-14
-14
-96
-178
-208
-187
-130
-84
-96
-104
-80
-70
-51
-44
-67
-100
-122
-116
-119
-157
-209
-211
-144
-78
-59
-100
-131
-130
-104
-94
-97
-76
-42
-28
-17
-64
-131
-196
-208
-179
-148
-135
-149
-169
-166
-109
-51
-65
-94
-85
-44
-24
-57
-68
-76
-106
-142
-165
-140
-116
-100
-128
-167
-173
-158
-131
-96
-69
-43
-32
-13
-33
-91
-132
-143
-104
-58
-76
-158
-215
-198
-122
-64
-70
-113
-135
-112
-90
-62
-5
6
-71
-178
-159
-89
-82
-108
-137
-156
-154
-120
-90
-93
-100
-110
-92
-60
-46
-96
-148
-141
-120
-80
-77
-112
-129
-109
-111
-135
-134
-96
-58
-55
-84
-111
-106
-116
-121
-113
-89
-95
-142
-156
-136
-116
-117
-119
-101
-102
-82
-22
-13
-61
-105
-145
-191
-179
-133
-96
-63
-66
-137
-170
-141
-74
-35
-31
-50
-60
-57
-80
-101
-123
-149
-187
-189
-121
-77
-80
-94
-118
-119
-109
-80
-57
-43
-37
-57
-90
-138
-197
-227
-172
-111
-87
-103
-123
-119
-119
-131
-100
-46
10
31
-18
-92
-153
-212
-226
-194
-126
-83
-84
-93
-90
-96
-109
-123
-118
-60
1
12
-53
-138
-196
-197
-161
-107
-64
-81
-134
-161
-156
-133
-111
-104
-77
-54
-16
-16
-67
-121
-154
-196
-201
-109
-23
-42
-113
-133
-139
-139
-123
-113
-103
-82
-69
-57
-63
-73
-118
-174
-134
-85
-65
-42
-53
-75
-78
-122
-190
-178
-121
-117
-152
-139
-104
-119
-126
-112
-71
-46
-59
-76
-76
-94
-140
-148
-110
-119
-138
-114
-58
-65
-108
-63
-25
-73
-130
-144
-158
-140
-113
-118
-127
-97
-74
-71
-103
-167
-188
-127
-82
-46
-34
-57
-108
-108
-73
-64
-71
-118
-194
-218
-148
-86
-77
-61
-66
-72
-64
-97
-164
-167
-96
-64
-115
-125
-94
-104
-134
-138
-138
-155
-148
-102
-26
-35
-69
-76
-8
7
-69
-131
-130
-121
-171
-195
-138
-79
-117
-162
-134
-90
-71
-66
-84
-79
-66
-78
-113
-126
-71
-43
-92
-158
-213
-214
-130
-23
42
11
-82
-166
-195
-167
-151
-173
-170
-154
-136
-42
6
-4
-18
-38
-87
-170
-222
-205
-141
-96
-121
-125
-99
-103
-65
-54
-48
-73
-140
-207
-201
-78
43
21
-106
-179
-192
-202
-180
-82
23
-9
-84
-122
-125
-140
-123
-92
-43
-42
-122
-202
-214
-152
-109
-68
-31
-4
13
-14
-125
-158
-130
-119
-154
-183
-160
-125
-155
-182
-144
-115
-72
-26
-25
-5
16
-46
-99
-77
-112
-196
-162
-117
-164
-208
-178
-127
-93
-92
-94
-82
-109
-113
-68
-5
21
4
-87
-146
-151
-197
-180
-135
-89
-60
-67
-117
-126
-115
-92
-75
-90
-132
-130
-94
-98
-120
-74
-67
-102
-132
-159
-176
-135
-87
-51
-35
-64
-116
-142
-126
-106
-87
-119
-167
-160
-89
-35
-91
-142
-88
-54
-72
-127
-157
-144
-150
-163
-99
-9
-2
-69
-136
-181
-165
-133
-74
-34
-68
-97
-113
-135
-129
-114
-110
-118
-130
-120
-43
-19
-67
-109
-143
-132
-129
-150
-173
-150
-83
-12
20
-32
-112
-143
-119
-127
-182
-188
-158
-119
-119
-81
-26
-47
-85
-122
-134
-105
1
28
-79
-175
-223
-207
-123
-57
-45
-109
-174
-202
-194
-114
-4
34
-9
-57
-53
-82
-179
-221
-192
-145
-97
-38
-22
-74
-170
-214
-188
-133
-47
-13
-77
-166
-186
-129
-29
21
-17
-92
-182
-224
-109
17
19
-93
-153
-150
-119
-127
-167
-147
-116
-131
-125
-150
-140
-57
-32
-49
-90
-136
-126
-82
-63
-56
-99
-182
-189
-176
-161
-90
-54
-52
-49
-88
-160
-185
-159
-40
77
26
-103
-158
-177
-180
-148
-90
-53
-82
-149
-151
-127
-157
-205
-177
-46
86
74
27
-66
-181
-184
-106
-58
-121
-121
-101
-117
-144
-142
-103
-77
-46
-67
-119
-150
-136
-104
-31
-39
-122
-156
-171
-182
-197
-178
-181
-190
-141
-53
0
-24
-96
-159
-202
-171
-80
11
52
-38
-126
-139
-130
-89
-66
-123
-196
-231
-226
-153
-72
-38
-41
-56
-36
-44
-56
-50
-136
-208
-197
-158
-92
-63
-45
-48
-105
-175
-221
-158
19
163
164
-43
-172
-222
-241
-224
-135
-70
-35
-85
-147
-115
-44
-61
-133
-128
-40
-33
-142
-210
-171
-70
-53
-120
-177
-142
-60
-20
-30
-75
-90
-105
-155
-203
-202
-147
-45
1
10
-34
-101
-145
-128
-141
-186
-228
-225
-161
-108
-95
-77
-83
-139
-146
-69
-133
-205
-164
32
153
77
-96
-193
-230
-241
-142
-12
106
106
-22
-151
-214
-211
-167
-101
-27
47
7
-113
-184
-205
-179
-157
-138
-107
-115
-56
56
145
33
-122
-202
-234
-237
-202
-129
-104
-63
13
52
1
-141
-210
-237
-247
-123
90
189
70
-125
-201
-217
-230
-66
100
35
-121
-202
-196
-186
-205
-178
-100
-5
81
-5
-147
-212
-231
-128
-25
1
31
-49
-172
-222
-242
-248
-39
140
167
-11
-156
-215
-211
-211
-237
-248
-236
-134
-41
-51
-135
-75
80
143
-82
-187
-222
-198
-146
-69
-47
-67
-76
-42
-56
-157
-217
-240
-240
-179
-139
-38
91
131
-19
-107
-73
64
157
25
-142
-210
-237
-248
-252
-221
-132
-97
-57
101
194
230
194
-67
-180
-225
-242
-92
-9
-97
-192
-230
-216
-158
-76
11
41
41
110
171
9
-128
-204
-235
-187
-138
-186
-229
-245
-217
-63
20
-27
-151
-172
-42
-5
24
-21
-101
-165
-123
-18
-1
-129
-204
-206
-104
-19
-128
-206
-236
-159
57
123
-2
-107
-180
-87
8
-65
-66
-127
-145
-160
-206
-227
-175
-54
-5
36
-19
-127
-205
-228
-139
-29
-10
-66
-121
-160
-126
-22
-50
-61
-5
-58
-169
-221
-231
-181
-217
-218
-153
-20
40
106
47
-44
-26
-60
-118
-171
-222
-241
-182
-99
-54
-60
-62
-101
-130
-185
-136
-45
-60
-113
-137
-180
-218
-131
-8
-9
-132
-93
38
41
-76
-184
-222
-182
-81
-40
-77
-154
-216
-240
-88
122
203
70
-128
-204
-234
-245
-176
-102
-40
31
69
65
58
-20
-157
-216
-204
-129
-149
-196
-198
-153
-196
-232
-154
76
185
221
32
-141
-209
-232
-211
-172
-135
-182
-187
-155
-146
-124
-143
-152
-81
-65
-61
-29
-10
76
108
-14
-161
-218
-235
-207
-139
-60
-68
-121
-128
-38
57
126
111
-31
-164
-215
-167
-213
-226
-158
-101
-119
-158
-115
-45
-11
13
36
34
18
-66
-134
-201
-168
-179
-205
-185
-98
17
13
-88
-164
-217
-240
-221
-98
-27
-21
-85
-110
-59
3
1
-19
-56
-173
-223
-242
-175
-73
-70
-93
-106
-107
-84
-58
-80
-161
-175
-157
-106
-46
-20
-68
-74
-55
-87
-127
-169
-187
-133
-40
-43
-142
-173
-57
11
-21
-97
-136
-139
-109
-23
-15
-59
-122
-179
-171
-128
-161
-188
-179
-123
-51
-3
-27
-131
-152
-56
15
20
-32
-100
-184
-206
-152
-144
-206
-219
-90
-15
-77
-62
-74
-99
-140
-167
-123
-81
-28
0
-82
-173
-194
-151
-110
-145
-148
12
58
-39
-158
-215
-190
-151
-144
-136
-125
-113
-51
-20
-71
-139
-90
-3
67
73
-81
-187
-225
-200
-165
-123
-91
-91
-120
-172
-130
-3
41
-23
-44
-99
-119
-150
-147
-72
-71
-146
-189
-155
-117
-119
-108
-49
12
-8
-138
-207
-161
-42
26
-32
-169
-198
-182
-133
-86
-100
-132
-121
-103
-95
-52
0
5
-79
-154
-162
-115
-128
-185
-164
-127
-98
-28
2
-71
-131
-124
-91
-114
-127
-146
-163
-112
-73
-82
-81
-85
-129
-156
-120
-74
-52
-59
-48
-62
-110
-89
-100
-149
-170
-146
-133
-122
-123
-107
-90
-65
12
12
-90
-177
-178
-126
-62
-65
-97
-150
-209
-198
-64
-43
-113
-134
-106
-74
-81
-103
-101
-46
1
18
-75
-154
-188
-195
-173
-123
-114
-127
-114
-106
-114
-124
-102
-119
-124
-98
-95
-83
-39
16
34
-12
-93
-163
-186
-173
-174
-187
-179
-148
-122
-81
-63
-91
-106
-102
-69
-27
-30
-76
-93
-63
-60
-115
-155
-146
-141
-132
-102
-85
-79
-80
-140
-162
-138
-117
-65
8
11
-61
-124
-187
-186
-163
-142
-90
-91
-101
-69
-64
-119
-107
-57
-72
-107
-124
-99
-95
-138
-151
-130
-128
-122
-77
-52
-43
-92
-147
-154
-146
-127
-104
-85
-84
-89
-110
-144
-158
-118
-96
-56
-50
-81
-92
-80
-110
-115
-123
-150
-136
-146
-127
-109
-79
-76
-68
-78
-115
-134
-148
-145
-125
-109
-115
-113
-84
-74
-34
-45
-85
-75
-93
-132
-159
-182
-171
-140
-114
-112
-119
-128
-122
-123
-99
-66
-97
-131
-134
-109
-83
-116
-119
-98
-93
-94
-80
-91
-85
16
74
-30
-166
-220
-218
-174
-143
-137
-121
-114
-138
-119
-50
-38
-89
-110
-105
-129
-140
-131
-101
-75
-76
-83
-75
-66
-95
-85
-92
-142
-154
-135
-140
-131
-104
-83
-98
-135
-154
-141
-125
-106
-117
-129
-115
-70
-37
-59
-77
-93
-99
-85
-97
-126
-134
-137
-145
-153
-141
-117
-110
-109
-110
-115
-113
-116
-96
-81
-61
-55
-41
-53
-134
-118
-50
-69
-153
-179
-168
-155
-142
-138
-132
-118
-101
-91
-114
-125
-82
-26
-14
-71
-138
-184
-170
-132
-103
-103
-105
-104
-99
-88
-100
-115
-125
-148
-157
-108
-29
4
-7
-122
-200
-194
-162
-124
-69
-69
-114
-124
-103
-75
-90
-145
-123
-74
-63
-63
-95
-125
-122
-120
-136
-144
-127
-109
-88
-95
-127
-144
-146
-131
-97
-57
-70
-115
-107
-57
-22
-36
-125
-166
-155
-128
-99
-98
-156
-162
-92
-67
-99
-135
-149
-130
-89
-76
-68
14
80
-35
-126
-166
-192
-164
-141
-123
-92
-121
-160
-174
-149
-68
-15
-112
-183
-163
-105
-33
-45
-124
-139
-130
-109
-105
-130
-141
-136
-130
-119
-79
-40
-25
-84
-149
-153
-109
-45
-57
-100
-85
-110
-144
-153
-154
-129
-100
-95
-108
-89
-78
-90
-117
-118
-129
-126
-118
-110
-63
-34
-26
-79
-164
-183
-178
-176
-157
-127
-109
-101
-67
-1
-6
-68
-137
-133
-99
-27
-79
-169
-184
-170
-140
-103
-96
-129
-149
-148
-124
-13
-19
-111
-77
-38
-83
-114
-130
-161
-164
-171
-169
-138
-119
-112
-101
-90
-86
-92
-107
-116
-119
-89
-55
-11
-27
-57
-83
-110
-110
-162
-215
-175
-140
-133
-125
-110
-93
-88
-80
-92
-106
-111
-132
-121
-35
5
-20
-67
-129
-161
-140
-92
-85
-145
-163
-167
-159
-80
-53
-89
-117
-104
-74
-132
-133
-94
-93
-105
-122
-128
-107
-83
-83
-88
-66
-61
-107
-131
-151
-153
-118
-84
-80
-88
-76
-108
-146
-148
-152
-125
-78
-77
-99
-101
-110
-106
-77
-64
-123
-163
-165
-124
-87
-108
-126
-115
-54
9
-37
-141
-165
-169
-138
-117
-125
-124
-120
-83
-68
-120
-145
-131
-94
-44
-52
-103
-120
-91
-68
-82
-106
-100
-137
-165
-155
-147
-126
-82
-71
-90
-120
-85
-57
-85
-86
-101
-111
-95
-93
-95
-118
-140
-149
-138
-115
-136
-137
-95
-59
-63
-83
-104
-94
-75
-92
-143
-156
-127
-106
-111
-121
-100
-92
-93
-101
-128
-130
-113
-84
-47
-68
-93
-115
-109
-102
-95
-87
-125
-138
-143
-153
-134
-118
-105
-119
-141
-112
-75
-58
-55
-72
-115
-138
-142
-123
-104
-103
-109
-103
-78
-57
-69
-79
-102
-126
-136
-162
-160
-152
-132
-84
-70
-86
-117
-103
-79
-83
-65
-39
-58
-68
-116
-148
-170
-153
-142
-143
-147
-138
-129
-115
-111
-106
-92
-80
-51
-23
-32
-46
-87
-135
-151
-117
-100
-128
-133
-125
-99
-82
-79
-119
-138
-101
-64
-87
-106
-113
-111
-79
-83
-100
-70
-33
-3
-69
-145
-157
-94
-16
-38
-143
-205
-211
-180
-146
-121
-111
-92
-81
-59
-67
-75
-62
-133
-164
-139
-99
-96
-126
-150
-155
-135
-109
-66
-12
-23
-77
-81
-86
-151
-186
-176
-156
-130
-98
-87
-82
-99
-125
-132
-106
-89
-100
-67
-49
-54
-71
-144
-169
-141
-109
-80
-63
-107
-143
-159
-112
-32
-20
-75
-120
-104
-100
-122
-126
-122
-105
-114
-110
-97
-99
-106
-130
-149
-145
-127
-86
-51
-73
-91
-95
-74
-37
-32
-90
-153
-187
-166
-144
-115
-117
-125
-113
-90
-43
-27
-98
-152
-156
-125
-107
-92
-116
-117
-115
-107
-84
-115
-111
-81
-81
-41
15
-54
-138
-170
-175
-166
-152
-135
-107
-64
-23
-103
-147
-111
-66
-44
-54
-66
-121
-173
-168
-155
-149
-123
-109
-113
-119
-111
-99
-105
-65
-39
-52
-75
-71
-75
-141
-162
-142
-123
-115
-130
-140
-131
-102
-72
-93
-135
-130
-59
-2
-57
-51
-89
-96
-93
-81
-81
-124
-154
-164
-150
-145
-143
-120
-76
-57
-75
-70
-104
-141
-155
-149
-121
-92
-80
-80
-95
-107
-116
-108
-104
-111
-120
-106
-63
-25
-19
-49
-170
-214
-187
-110
-48
-90
-119
-114
-74
-95
-130
-157
-144
-113
-98
-88
-71
-33
-16
-106
-188
-198
-161
-110
-19
-37
-82
-125
-152
-136
-108
-99
-121
-119
-102
-73
-61
-74
-80
-102
-141
-129
-109
-95
-59
-53
-122
-143
-127
-130
-139
-130
-102
-83
-77
-82
-94
-116
-140
-148
-107
-73
-69
-107
-138
-144
-124
-89
-66
-74
-100
-110
-111
-90
-43
-16
-55
-81
-137
-167
-172
-167
-179
-179
-150
-112
-73
-63
-79
-93
-101
-105
-50
-23
-78
-57
-55
-115
-161
-176
-174
-153
-107
-72
-68
-72
-83
-98
-74
-55
-74
-104
-167
-191
-181
-156
-139
-74
-70
-116
-84
-38
-58
-91
-49
-37
-66
-59
-44
-80
-105
-157
-214
-229
-174
-130
-152
-167
-131
-97
-72
-33
-25
16
-26
-82
-66
-86
-69
-54
-162
-172
-77
-57
-149
-206
-191
-171
-142
-131
-134
-138
-102
-3
35
-76
-133
-163
-157
-153
-142
-131
-141
-108
-64
-102
-128
-112
-81
-75
-72
-38
-27
-56
-85
-137
-158
-167
-173
-150
-118
-97
-111
-125
-129
-98
-83
-81
-52
-58
-65
-19
-12
-88
-175
-182
-159
-140
-90
-78
-128
-143
-130
-115
-74
-90
-127
-125
-114
-78
-108
-145
-74
-3
0
-56
-157
-158
-88
-15
-58
-134
-149
-149
-142
-132
-140
-148
-128
-100
-64
-26
-5
-73
-115
-93
-50
-50
-129
-189
-192
-190
-177
-166
-139
-104
-87
-95
-87
-53
-23
-8
14
-46
-136
-164
-126
-35
-30
-132
-195
-203
-145
-91
-85
-121
-157
-111
1
54
-23
-86
-161
-161
-149
-181
-178
-151
-143
-154
-136
-107
-57
-2
-50
-107
-127
-115
-55
42
54
-50
-166
-208
-208
-209
-210
-191
-135
-82
-10
53
55
-16
-79
-103
-140
-147
-155
-135
-96
-127
-143
-132
-125
-162
-190
-165
-93
-49
-50
-47
-4
-26
-98
-170
-90
29
-6
-131
-207
-236
-211
-161
-141
-129
-116
-104
-53
74
104
-25
-152
-214
-239
-158
39
122
15
-139
-209
-237
-248
-211
-125
-52
-16
-27
-74
-96
-30
-2
-70
-113
-125
-154
-179
-186
-182
-146
-94
-48
-55
-34
14
-86
-142
-55
65
78
31
-45
-162
-218
-240
-249
-252
-219
-209
-179
-85
-2
45
50
11
-16
-82
-161
-164
-111
-92
-84
-39
-112
-198
-230
-203
-156
-115
-48
82
163
122
-32
-164
-218
-240
-249
-240
-146
-70
-43
-22
26
84
92
21
-98
-180
-188
-201
-233
-207
-166
-149
-122
-120
-100
-24
-12
-96
-120
-43
-8
-53
-119
-96
-114
-174
-212
-237
-194
-112
-38
40
34
-74
-153
-215
-227
-101
16
-20
-129
-182
-143
-91
-92
-66
-46
-47
-57
-133
-208
-236
-244
-176
-54
5
-4
-59
-130
-192
-210
-158
-42
-2
-43
-121
-59
57
-36
-171
-222
-199
-142
-163
-153
-68
-21
-75
-169
-166
-106
-33
2
-60
-125
-63
-46
-138
-159
-138
-170
-174
-210
-209
-136
-53
-14
-64
-105
-73
-54
-83
-51
-86
-172
-174
-114
-73
-97
-182
-226
-214
-186
-94
33
70
33
-68
-160
-154
-127
-90
-103
-109
-125
-186
-227
-225
-134
-39
-55
-132
-131
-29
93
146
82
-63
-175
-223
-242
-250
-217
-169
-182
-182
-107
-36
57
90
-2
-131
-162
-80
-8
-26
-99
-177
-203
-193
-86
-40
-101
-195
-231
-242
-198
-60
-2
-25
-69
-70
-48
-72
-94
-36
-34
-70
-141
-211
-229
-214
-184
-120
-21
-5
-38
-37
-25
-131
-193
-127
-85
-102
-110
-146
-209
-177
-113
-130
-141
-58
34
68
-9
-118
-194
-156
-108
-159
-208
-174
-124
-105
-131
-128
-86
-85
-131
-171
-132
-50
33
71
95
29
-89
-190
-229
-245
-227
-235
-218
-169
-146
-113
-93
-77
-22
102
195
127
-66
-180
-221
-195
-134
-61
-50
-93
-180
-226
-243
-236
-190
-151
-73
-23
-67
-110
-66
-62
4
34
-13
-139
-210
-236
-220
-167
-141
-139
-131
-127
-120
-110
-102
-95
-91
-61
2
28
-14
-89
-140
-160
-181
-185
-167
-134
-103
-92
-99
-106
-109
-99
-93
-104
-117
-110
-92
-83
-85
-95
-108
-117
-115
-110
-106
-103
-102
-102
-101
-102
-100
-91
-74
-64
-70
-88
-113
-129
-134
-130
-123
-117
-111
-107
-105
-103
-102
-102
-102
-102
-101
-100
-98
-99
-99
-99
-100
-101
-101
-101
-100
-102
-103
-103
-103
-104
-104
-105
-105
-105
-106
-104
-104
-105
-105
-105
-104
-103
-103
-103
-103
-104
-103
-103
-104
-103
-103
-103
-103
-103
-104
-104
-104
-103
-104
-105
-105
-104
-103
-104
-103
-103
-104
-104
-105
-106
-107
-107
-106
-106
-106
-106
-105
-106
-105
-105
-106
-106
-106
-107
-107
-107
-106
-105
-104
-105
-104
-102
-99
-96
-101
-110
-122
-132
-138
-140
-119
-100
-88
-79
-84
-93
