-11292
-105
-106
-106
-106
-106
-106
-106
-106
-106
-106
-107
-107
-106
-105
-105
-105
-106
-107
-107
-107
-107
-107
-106
-105
-104
-105
-105
-105
-105
-105
-105
-105
-105
-106
-105
-106
-106
-106
-106
-107
-106
-106
-106
-106
-104
-103
-103
-103
-102
-101
-103
-104
-106
-107
-107
-109
-108
-108
-108
-108
-107
-107
-106
-106
-106
-106
-107
-107
-107
-107
-107
-106
-107
-107
-107
-107
-107
-107
-107
-107
-106
-106
-106
-106
-107
-106
-106
-106
-107
-107
-106
-107
-107
-106
-106
-106
-106
-106
-106
-105
-106
-105
-106
-106
-106
-106
-105
-104
-105
-105
-104
-105
-104
-104
-105
-105
-105
-106
-105
-104
-104
-104
-105
-105
-106
-106
-106
-106
-106
-106
-107
-105
-106
-105
-104
-104
-104
-103
-103
-104
-104
-104
-105
-104
-105
-105
-105
-105
-105
-105
-106
-106
-105
-105
-105
-106
-106
-106
-107
-107
-107
-106
-107
-108
-106
-107
-106
-106
-106
-106
-105
-104
-105
-105
-105
-106
-106
-107
-107
-107
-107
-107
-107
-106
-105
-106
-105
-105
-106
-106
-106
-106
-106
-105
-104
-104
-104
-104
-104
-104
-104
-104
-106
-105
-106
-105
-105
-106
-104
-104
-105
-105
-106
-105
-104
-105
-105
-105
-105
-105
-105
-106
-106
-106
-105
-105
-106
-106
-107
-106
-105
-105
-105
-107
-107
-106
-105
-104
-104
-104
-104
-103
-101
-100
-99
-99
-101
-102
-103
-105
-106
-106
-105
-107
-107
-107
-106
-106
-106
-106
-106
-105
-105
-104
-104
-104
-104
-104
-104
-104
-103
-104
-103
-103
-103
-104
-104
-104
-104
-105
-105
-104
-104
-105
-106
-106
-105
-105
-105
-106
-105
-105
-105
-105
-105
-105
-105
-105
-105
-106
-106
-106
-104
-104
-104
-104
-104
-104
-104
-105
-106
-106
-105
-106
-105
-106
-106
-105
-106
-106
-106
-106
-105
-104
-105
-106
-106
-107
-106
-106
-107
-107
-106
-105
-104
-104
-104
-105
-106
-105
-105
-106
-106
-107
-106
-106
-105
-106
-106
-106
-106
-105
-104
-104
-104
-104
-104
-104
-105
-106
-106
-106
-105
-106
-106
-105
-105
-105
-105
-105
-106
-106
-106
-105
-105
-105
-106
-105
-105
-105
-106
-105
-105
-105
-105
-105
-104
-105
-105
-106
-105
-105
-105
-105
-105
-105
-106
-107
-106
-106
-105
-105
-105
-106
-107
-107
-106
-105
-105
-106
-105
-104
-104
-105
-104
-105
-106
-107
-107
-107
-107
-107
-107
-106
-107
-107
-107
-107
-106
-105
-104
-103
-102
-102
-101
-100
-101
-101
-102
-104
-105
-105
-106
-106
-106
-106
-106
-106
-107
-107
-108
-107
-106
-107
-108
-108
-107
-107
-107
-106
-105
-105
-105
-105
-106
-107
-107
-107
-107
-106
-106
-106
-107
-107
-106
-105
-106
-106
-105
-105
-105
-105
-104
-105
-105
-105
-105
-105
-105
-105
-105
-105
-105
-104
-104
-104
-105
-104
-104
-105
-105
-105
-104
-105
-106
-107
-107
-107
-107
-107
-107
-107
-107
-107
-107
-107
-106
-107
-107
-106
-107
-108
-107
-106
-106
-106
-106
-105
-105
-105
-104
-103
-104
-105
-106
-106
-107
-107
-107
-107
-106
-106
-106
-106
-106
-106
-106
-107
-106
-105
-105
-105
-106
-107
-107
-106
-107
-107
-107
-108
-107
-106
-107
-107
-108
-107
-107
-107
-107
-106
-106
-105
-104
-104
-105
-106
-107
-107
-107
-109
-108
-108
-109
-109
-109
-110
-109
-110
-109
-108
-107
-107
-107
-107
-107
-107
-106
-107
-107
-106
-106
-107
-106
-107
-106
-107
-107
-106
-105
-105
-105
-106
-106
-107
-106
-106
-107
-106
-106
-105
-105
-104
-103
-101
-101
-102
-102
-102
-103
-105
-105
-106
-107
-106
-106
-106
-107
-107
-107
-106
-105
-104
-106
-107
-108
-109
-109
-108
-108
-107
-107
-105
-105
-106
-108
-111
-113
-111
-108
-106
-107
-111
-115
-115
-111
-102
-95
-90
-88
-89
-93
-102
-108
-110
-104
-100
-114
-136
-148
-141
-119
-91
-82
-82
-85
-92
-100
-105
-106
-105
-104
-103
-103
-104
-104
-102
-100
-104
-112
-118
-116
-114
-117
-114
-107
-103
-107
-114
-123
-122
-109
-102
-96
-84
-79
-85
-96
-103
-106
-107
-109
-113
-122
-133
-139
-133
-119
-100
-93
-101
-107
-105
-104
-96
-87
-85
-95
-106
-115
-117
-115
-115
-118
-127
-124
-113
-99
-86
-90
-109
-125
-121
-99
-80
-88
-102
-111
-114
-106
-95
-94
-101
-106
-116
-125
-118
-97
-90
-112
-132
-141
-122
-83
-47
-44
-79
-116
-127
-124
-112
-104
-101
-88
-96
-112
-140
-162
-158
-136
-96
-70
-54
-53
-82
-110
-123
-130
-123
-109
-107
-115
-131
-147
-144
-121
-80
-48
-67
-101
-104
-103
-100
-104
-117
-123
-118
-112
-115
-133
-135
-125
-107
-83
-54
-53
-76
-119
-124
-109
-100
-102
-116
-122
-125
-123
-105
-93
-102
-119
-116
-107
-93
-83
-89
-101
-114
-121
-115
-108
-106
-96
-98
-106
-107
-93
-97
-100
-101
-127
-136
-129
-106
-87
-84
-100
-119
-127
-122
-117
-107
-96
-76
-68
-90
-97
-64
-43
-77
-127
-131
-126
-126
-126
-132
-137
-114
-90
-88
-100
-112
-107
-76
-55
-64
-98
-120
-113
-90
-87
-118
-152
-156
-120
-96
-106
-115
-109
-89
-78
-67
-63
-94
-123
-104
-79
-107
-129
-110
-95
-103
-120
-138
-150
-126
-84
-70
-91
-110
-129
-140
-121
-97
-96
-79
-61
-82
-116
-101
-61
-76
-119
-138
-131
-125
-132
-130
-120
-134
-119
-80
-69
-74
-114
-137
-109
-80
-75
-96
-99
-101
-111
-126
-132
-135
-117
-69
-45
-44
-84
-123
-124
-124
-133
-137
-123
-124
-122
-106
-90
-114
-137
-114
-60
-40
-71
-125
-150
-153
-132
-84
-45
-60
-113
-156
-166
-157
-129
-81
-48
-46
-57
-66
-82
-107
-130
-134
-112
-96
-103
-109
-120
-120
-116
-121
-132
-144
-123
-71
-35
-54
-82
-86
-92
-99
-58
-60
-123
-160
-182
-199
-174
-144
-122
-104
-79
-75
-88
-68
-59
-57
-52
-74
-89
-98
-132
-146
-140
-121
-99
-108
-135
-139
-107
-76
-52
-58
-97
-135
-111
-39
-20
-56
-125
-188
-185
-185
-171
-143
-114
-101
-63
-18
-20
-55
-97
-88
-74
-80
-79
-130
-189
-184
-124
-76
-95
-129
-154
-165
-163
-143
-121
-108
-104
-59
-16
10
12
-69
-148
-162
-158
-151
-153
-138
-87
-55
-60
-93
-126
-144
-162
-173
-111
-55
-57
-74
-59
-53
-101
-145
-149
-144
-110
-82
-98
-127
-122
-102
-93
-50
-42
-89
-107
-96
-101
-159
-198
-148
-92
-96
-109
-94
-64
-80
-109
-133
-120
-116
-139
-128
-85
-53
-57
-72
-67
-73
-105
-138
-176
-195
-174
-131
-101
-119
-142
-128
-102
-92
-85
-45
-2
-17
-29
-43
-100
-162
-210
-202
-143
-102
-96
-84
-56
-66
-132
-179
-179
-132
-80
-56
-39
-46
-65
-54
-69
-101
-136
-175
-159
-138
-159
-164
-116
-98
-105
-85
-41
-35
-83
-114
-79
-54
-79
-109
-146
-166
-140
-123
-131
-112
-88
-84
-109
-120
-109
-95
-117
-114
-53
9
-25
-86
-143
-169
-158
-135
-116
-116
-145
-152
-130
-103
-74
-55
-24
-35
-67
-96
-111
-122
-131
-175
-204
-169
-95
-44
-26
-55
-130
-184
-197
-191
-161
-102
-58
-37
-33
-44
-72
-98
-115
-103
-121
-167
-146
-94
-88
-105
-87
-53
-51
-78
-109
-138
-131
-144
-164
-138
-91
-80
-122
-141
-117
-82
-74
-105
-106
-75
-68
-72
-61
-97
-181
-193
-144
-101
-58
-43
-56
-83
-111
-146
-167
-173
-155
-122
-99
-66
-5
-6
-65
-127
-174
-143
-63
-44
-90
-143
-182
-173
-144
-133
-131
-118
-97
-87
-69
-28
-30
-57
-91
-124
-143
-149
-160
-140
-120
-84
-71
-84
-105
-120
-125
-96
-77
-93
-114
-116
-123
-131
-126
-100
-85
-99
-120
-141
-139
-84
-30
-17
-51
-88
-122
-173
-203
-157
-91
-83
-108
-133
-130
-73
-63
-111
-129
-104
-65
-22
-24
-55
-99
-139
-185
-201
-155
-125
-116
-57
-46
-71
-92
-124
-173
-197
-181
-143
-99
-40
-36
-87
-80
-28
-34
-93
-156
-165
-163
-161
-148
-125
-122
-107
-80
-62
-53
-47
-65
-121
-130
-84
-44
-57
-126
-160
-152
-149
-148
-122
-124
-129
-135
-124
-91
-45
-69
-146
-164
-131
-89
-55
-45
-55
-82
-105
-91
-90
-104
-117
-132
-148
-135
-123
-107
-72
-42
-42
-89
-115
-124
-159
-172
-150
-125
-87
-84
-102
-94
-46
-35
-92
-162
-198
-203
-158
-107
-84
-28
11
-46
-119
-156
-126
-104
-126
-122
-117
-135
-127
-97
-101
-93
-92
-96
-76
-71
-64
-92
-123
-130
-103
-86
-132
-181
-144
-97
-91
-82
-76
-99
-103
-85
-105
-136
-132
-101
-79
-70
-68
-37
-24
-89
-164
-205
-202
-146
-68
-55
-103
-114
-93
-65
-60
-92
-127
-133
-123
-129
-127
-110
-110
-137
-162
-158
-113
-43
-13
-51
-101
-152
-183
-154
-84
-82
-105
-121
-133
-135
-115
-100
-90
-82
-70
-85
-75
-33
-61
-120
-119
-124
-141
-120
-100
-104
-148
-160
-137
-159
-150
-74
-4
34
7
-80
-173
-182
-134
-107
-101
-87
-34
-40
-99
-153
-174
-144
-109
-105
-79
-28
6
-21
-48
-97
-149
-168
-189
-225
-243
-228
-106
64
144
115
-69
-182
-226
-212
-186
-139
-98
-124
-181
-136
-20
39
7
-51
-64
-94
-164
-219
-241
-238
-123
22
102
143
8
-146
-212
-222
-195
-225
-243
-186
-48
84
139
131
63
-75
-155
-212
-186
-78
-118
-199
-233
-241
-194
-97
36
64
-42
-169
-198
-115
-30
-4
-26
-125
-203
-223
-168
-74
4
-50
-171
-201
-120
-92
-69
-15
10
-63
-170
-222
-223
-119
-87
-30
-4
-55
-141
-151
-110
-28
-16
-1
-75
-186
-228
-238
-133
-14
3
-34
-98
-75
17
29
-82
-188
-228
-193
-140
-166
-180
-137
-55
-14
23
50
52
49
105
9
-128
-200
15
140
-16
-162
-218
-240
-249
-158
-65
-67
-143
-158
-93
8
81
53
-56
-76
-133
-207
-236
-186
-111
-188
-229
-215
-163
-102
-43
37
145
211
116
-89
-189
-229
-244
-242
-183
-138
-67
-26
-9
-15
-95
-127
-88
-149
-139
-27
-4
-61
-147
-213
-237
-162
-37
8
-85
-187
-228
-241
-164
-1
144
143
-53
-168
-160
-126
-92
-114
-180
-204
-150
-103
-36
31
12
-45
-171
-222
-167
-125
-116
-64
-8
3
26
-7
-94
-150
-210
-229
-207
-140
-72
-128
-206
-191
-56
112
143
20
-121
-202
-234
-246
-221
-171
-76
-29
-27
-134
-208
-219
-89
45
150
189
125
-38
-170
-221
-241
-249
-249
-249
-253
-254
-233
-60
116
200
232
244
58
-131
-205
-235
-247
-252
-253
-255
-239
-208
-192
-166
-66
65
160
215
137
-44
-170
-183
-168
-216
-239
-249
-243
-235
-203
-184
-190
-176
-73
101
195
168
0
-105
-178
-192
-140
-93
-107
-140
-135
-137
-164
-139
-36
45
34
-64
-178
-139
-96
-60
-82
-172
-214
-188
-36
81
50
-43
-159
-217
-184
-99
-77
-119
-139
-153
-123
-27
-7
-58
-152
-189
-181
-134
-63
27
50
-24
-93
-130
-192
-225
-180
-112
-72
-65
-81
-123
-185
-161
-74
-5
18
54
41
-82
-179
-225
-243
-249
-238
-201
-119
-48
-41
-75
-53
-35
15
146
170
-1
-155
-215
-239
-232
-176
-131
-130
-113
-61
-58
-91
-45
6
2
-19
-67
-123
-166
-195
-214
-163
-96
-52
-21
-32
-99
-173
-223
-214
-153
-70
1
1
-54
-59
-26
-26
-89
-180
-223
-229
-169
-125
-121
-110
-114
-114
-100
-40
98
153
11
-144
-210
-216
-217
-183
-141
-96
-74
-93
-133
-134
-125
-94
-75
-58
25
111
84
-93
-192
-172
-139
-132
-138
-163
-170
-144
-129
-148
-134
-86
-46
-58
-13
87
73
-85
-189
-228
-192
-121
-68
-69
-102
-94
-59
-38
-69
-109
-85
-101
-172
-203
-149
-122
-80
-14
0
-73
-149
-91
-8
-30
-65
-97
-145
-210
-203
-161
-135
-144
-144
-121
-102
-86
-62
-67
-74
6
90
0
-138
-146
-121
-182
-221
-184
-141
-120
-98
-107
-140
-133
-107
-74
-34
-26
-32
-17
8
-66
-159
-169
-168
-152
-116
-120
-148
-160
-185
-150
-81
-42
-13
-36
-55
-33
-19
-89
-168
-170
-137
-143
-138
-128
-126
-130
-146
-112
-63
-43
-33
-55
-41
-40
-100
-157
-148
-134
-151
-151
-113
-91
-96
-83
-67
-92
-116
-116
-118
-115
-112
-75
-26
-40
-119
-163
-132
-93
-93
-105
-126
-147
-151
-131
-103
-95
-132
-131
-80
-17
9
-47
-116
-157
-138
-97
-97
-108
-142
-161
-160
-137
-101
-37
-19
-61
-122
-137
-122
-93
-65
-66
-72
-75
-74
-129
-190
-191
-155
-137
-126
-109
-120
-131
-144
-144
-112
-78
-30
44
60
-9
-66
-144
-204
-219
-217
-192
-162
-116
-74
-79
-114
-116
-98
-54
-47
-98
-148
-165
-129
-26
48
-33
-143
-210
-224
-180
-149
-129
-118
-106
-72
-46
-60
-70
-88
-119
-107
-51
5
40
-42
-138
-173
-175
-160
-151
-163
-200
-191
-164
-149
-150
-140
-118
-93
-78
-35
35
-3
-65
-107
-115
-125
-167
-172
-160
-146
-132
-126
-112
-109
-118
-136
-121
-85
-111
-129
-71
9
-5
-69
-124
-148
-98
-73
-118
-175
-205
-171
-121
-114
-105
-76
-73
-97
-91
-78
-74
-45
-29
-87
-77
-108
-131
-140
-161
-183
-188
-175
-126
-94
-60
-39
-61
-119
-137
-113
-115
-57
-54
-110
-151
-163
-148
-121
-104
-125
-130
-78
-112
-154
-143
-101
-62
-74
-121
-123
-128
-125
-104
-79
-77
-98
-97
-93
-107
-100
-68
-119
-153
-139
-150
-138
-143
-140
-127
-118
-111
-88
-25
-3
-17
-49
-112
-146
-181
-142
-64
-71
-146
-190
-177
-139
-60
-41
-100
-102
-52
-58
-99
-84
-128
-120
-72
-104
-126
-155
-168
-155
-172
-173
-169
-158
-128
-85
-28
-63
-93
-52
-35
-121
-184
-149
-101
-101
-127
-120
-133
-128
-94
-112
-141
-146
-115
-97
-81
-45
-90
-128
-106
-89
-98
-146
-149
-128
-133
-129
-92
-51
-83
-130
-117
-112
-126
-121
-89
-102
-140
-118
-86
-57
-47
-90
-146
-146
-118
-75
-61
-97
-146
-145
-87
-49
-28
-26
-72
-122
-137
-133
-174
-187
-149
-116
-56
-18
-50
-131
-180
-180
-119
-100
-151
-175
-153
-110
-112
-119
-128
-124
-86
-54
-24
-57
-113
-95
-68
-97
-110
-145
-169
-187
-161
-136
-118
-103
-107
-124
-124
-108
-100
-99
-92
-81
-71
9
83
61
-78
-169
-195
-207
-194
-161
-158
-170
-151
-120
-84
-82
-83
-70
-79
-101
-96
-109
-119
-142
-161
-140
-91
-85
-139
-174
-176
-141
-83
-52
-56
-62
-95
-130
-133
-102
-113
-99
-54
-79
-133
-146
-164
-171
-122
-71
-63
-88
-97
-67
-100
-187
-205
-174
-126
-79
-63
-69
-55
-64
-95
-114
-100
-75
-87
-110
-127
-144
-151
-142
-166
-175
-152
-106
-79
-68
-61
-71
-93
-55
19
2
-50
-156
-199
-174
-131
-149
-187
-180
-148
-122
-117
-101
-50
-18
-25
-37
-109
-121
-75
-109
-136
-152
-166
-154
-145
-144
-153
-150
-144
-124
-63
-23
-64
-93
-49
5
-57
-120
-163
-215
-206
-161
-112
-111
-121
-122
-115
-105
-85
-29
32
-37
-121
-134
-142
-160
-136
-85
-121
-153
-145
-90
-52
-45
-85
-139
-140
-90
-111
-136
-100
-141
-157
-144
-128
-122
-96
-58
-88
-111
-127
-110
-66
-55
-100
-137
-123
-83
-14
0
-122
-202
-195
-159
-113
-119
-123
-122
-100
-36
6
-56
-123
-150
-121
-92
-105
-81
-92
-123
-143
-172
-163
-124
-109
-101
-49
17
-32
-112
-166
-168
-136
-85
-79
-103
-96
-105
-127
-131
-150
-142
-110
-85
-92
-107
-79
-69
-75
-86
-105
-112
-123
-113
-106
-114
-117
-98
-101
-118
-122
-125
-87
-28
-46
-121
-175
-129
-91
-110
-97
-67
-113
-125
-94
-109
-102
-15
-8
-81
-154
-191
-186
-171
-140
-108
-54
-45
-113
-120
-98
-70
-90
-124
-110
-86
-112
-100
-96
-111
-125
-119
-91
-19
7
-44
-111
-165
-155
-135
-119
-142
-169
-170
-158
-133
-98
-70
-39
-16
5
23
-60
-170
-184
-146
-151
-171
-161
-144
-130
-105
-98
-112
-102
-63
-42
-89
-140
-106
-64
-51
-21
-25
-91
-171
-187
-159
-130
-129
-124
-124
-130
-132
-93
-50
-110
-152
-134
-86
-32
-64
-118
-149
-116
-81
-63
-63
-91
-111
-123
-154
-156
-133
-128
-95
-41
-81
-140
-153
-61
-38
-115
-122
-119
-123
-116
-118
-94
-81
-90
-105
-109
-90
-105
-90
-69
-60
-124
-165
-137
-76
-39
-92
-134
-142
-128
-95
-81
-112
-137
-134
-117
-72
-9
-8
-102
-168
-147
-138
-92
-100
-131
-115
-113
-94
-75
-79
-88
-84
-121
-135
-90
-28
-41
-140
-168
-177
-169
-148
-112
-88
-89
-89
-81
-80
-51
-39
-97
-151
-146
-128
-127
-121
-97
-83
-75
-58
-87
-102
-131
-131
-69
-25
-68
-117
-118
-97
-117
-121
-109
-132
-141
-140
-106
-47
-114
-149
-119
-75
-35
-79
-140
-127
-101
-82
-73
-72
-99
-112
-126
-125
-90
-112
-123
-106
-102
-122
-127
-123
-116
-90
-67
-87
-99
-93
-73
-64
-93
-112
-131
-151
-147
-136
-116
-100
-98
-104
-94
-28
6
-36
-44
-151
-205
-175
-124
-89
-67
-57
-75
-81
-63
-61
-126
-160
-127
-112
-138
-126
-127
-132
-101
-102
-116
-91
-60
-42
-39
-51
-68
-82
-132
-156
-157
-109
-86
-122
-159
-130
-70
-108
-160
-142
-101
-98
-126
-144
-137
-88
-45
-32
-69
-102
-131
-131
-82
-112
-114
-102
-95
-91
-115
-119
-116
-83
-110
-121
-69
-19
-37
-95
-153
-181
-179
-161
-148
-142
-126
-111
-80
-55
-49
-39
-86
-113
-97
-17
80
4
-155
-216
-226
-199
-169
-146
-114
-68
-56
-113
-142
-127
-65
-61
-77
-102
-135
-102
-37
11
-24
-122
-157
-171
-182
-185
-175
-158
-143
-103
-92
-143
-164
-162
-120
-67
-20
-22
-86
-103
-69
-71
-102
-82
-47
-33
-46
-125
-144
-105
-123
-187
-180
-128
-88
-103
-104
-72
-22
-64
-152
-157
-84
-56
-114
-157
-119
-114
-105
-96
-111
-123
-123
-77
-78
-80
-58
-69
-65
-75
-75
-48
-85
-80
-64
-111
-167
-210
-190
-120
-131
-144
-139
-137
-108
-94
-120
-100
-26
45
-19
-122
-132
-132
-143
-165
-148
-88
-62
-35
19
30
-66
-175
-223
-208
-134
-134
-151
-105
-103
-95
-54
-70
-116
-146
-128
-69
-46
-95
-91
33
106
3
-152
-214
-239
-233
-181
-133
-93
-75
-55
-66
-77
14
50
-37
-96
-116
-104
-157
-143
-66
-39
-78
-139
-192
-205
-195
-182
-158
-88
-22
-15
-95
-140
-127
-125
-104
-62
-2
-18
-69
-125
-154
-154
-152
-161
-130
-103
-95
-65
-40
-52
-70
-76
-34
-65
-178
-224
-182
-103
-70
-98
-128
-145
-152
-122
-38
24
-5
-21
-27
-93
-155
-214
-187
-138
-115
-58
-32
-76
-142
-186
-217
-207
-108
-1
36
-39
-112
-140
-100
-63
-13
12
-35
-147
-213
-238
-244
-207
-141
-63
-24
-7
15
-36
-165
-217
-186
-137
-116
-93
-31
30
51
-17
-131
-207
-236
-217
-122
14
47
-68
-152
-193
-199
-168
-51
32
-29
-152
-214
-207
-139
-17
62
6
-99
-187
-193
-140
-66
-125
-180
-165
-143
-130
-118
-67
-25
-9
-17
-104
-176
-222
-188
-116
-73
77
94
-44
-168
-221
-241
-194
-60
20
-4
-29
-65
-172
-212
-147
-106
-95
-93
-154
-213
-214
-157
-30
81
80
-69
-183
-226
-194
-96
-3
53
53
5
-105
-196
-232
-246
-223
-139
-62
-37
-29
-97
-167
-197
-185
-132
-27
6
-50
-70
26
82
21
-126
-205
-235
-246
-170
-89
-80
-94
-116
-165
-135
-3
74
4
-144
-211
-208
-105
-36
-18
-44
-126
-204
-229
-147
-9
53
20
-56
-107
-172
-222
-228
-188
-156
-132
-129
-99
-53
-47
-73
-95
-54
-30
-32
-46
-51
-52
-87
-109
-99
-110
-121
-194
-231
-225
-151
-96
-113
-143
-109
2
125
83
-52
-172
-222
-215
-107
-13
-57
-169
-221
-211
-162
-115
-55
-76
-108
-54
22
51
-16
-83
-164
-181
-163
-83
-5
-36
-116
-149
-180
-223
-242
-208
-142
-126
-140
-120
-78
1
110
136
68
-71
-133
-203
-234
-247
-189
-54
16
-9
-129
-206
-227
-134
20
114
80
-12
-146
-184
-169
-191
-229
-237
-196
-160
-151
-127
-17
75
56
-26
-103
-168
-212
-156
-78
-37
-25
1
-48
-140
-210
-237
-245
-182
-73
-15
-60
-70
-75
-119
-175
-178
-86
36
138
146
11
-150
-213
-238
-248
-229
-197
-148
-87
-96
-127
-87
-14
29
98
77
-24
-161
-217
-240
-238
-214
-183
-122
-100
-100
-93
-81
-88
-26
65
53
-55
-119
-101
-58
-63
-121
-160
-174
-175
-179
-167
-146
-131
-133
-149
-139
-116
-91
-71
-70
-97
-90
-63
-88
-125
-143
-135
-120
-113
-94
-83
-82
-102
-143
-166
-140
-134
-127
-97
-70
-72
-89
-108
-112
-106
-102
-105
-108
-104
-100
-94
-88
-75
-70
-75
-100
-113
-104
-87
-87
-106
-120
-125
-123
-118
-112
-109
-109
-106
-104
-102
-102
-104
-104
-104
-104
-103
-102
-101
-101
-100
-102
-103
-103
-103
-105
-105
-105
-104
-102
-107
-110
-109
-107
-108
-106
-105
-105
-105
-104
-103
-103
-104
-104
-104
-104
-104
-104
-105
-105
-106
-106
-104
-105
-105
-105
-105
-105
-105
-105
-106
-106
-106
-106
-107
-110
-110
-109
-106
-104
-103
-103
-103
-103
-102
-103
-105
-105
-106
-106
-107
-108
-108
-107
-107
-107
-106
-106
-107
-106
-106
-106
-106
-106
-106
-106
-107
-106
-106
-106
-106
-105
-105
-105
-105
-105
-105
-105
-105
-105
-105
-105
-105
-106
-106
-106
-106
-105
-104
-105
-104
-105
-105
-106
-106
-106
-106
-106
-105
-106
-105
-105
-105
-105
-105
-105
-105
-106
-106
-106
-105
-105
-106
-106
-107
-107
-107
-107
-107
-106
-105
-105
-104
-105
-105
-105
-105
-103
-103
-102
-103
-103
-103
-104
-105
-107
-107
-108
-108
-107
-107
-107
-108
-107
-107
-107
-106
-107
-106
-105
-106
-106
-105
-104
-104
-104
-104
-104
-104
-104
-104
-104
-103
-104
-104
-104
-103
-101
-101
-100
-102
-102
-102
-102
-102
-102
-103
-103
-102
-103
-103
-103
-103
-103
-102
-102
-101
-101
-102
-103
-103
-103
-103
-103
-102
-102
-102
-101
-101
-101
-101
-101
-101
-102
-101
-101
-101
-101
-102
-103
-102
-102
-102
-101
-102
-101
-101
-101
-101
-100
-101
-100
-99
-100
-100
-101
-101
-101
-100
-101
-100
-100
-100
-100
-100
-100
-100
-100
-100
-101
-101
-101
-101
-101
-100
-100
-101
-101
-100
-100
-100
-100
-100
-99
-100
-100
-99
-99
-98
-98
-98
-98
-99
-99
-99
-100
-101
-101
-101
-101
-101
-100
-100
-100
-100
-100
-101
-101
-100
-101
-100
-100
-100
-101
-101
-100
-100
-101
-102
-102
-102
-101
-101
-100
-98
-98
-99
-98
-99
-101
-103
-104
-104
-104
-103
-104
-104
-103
-103
-103
-102
-103
-104
-104
-104
-104
-104
-105
-104
