-5538
-104
-104
-104
-104
-105
-105
-105
-105
-105
-106
-107
-107
-106
-106
-106
-106
-106
-106
-106
-106
-106
-105
-106
-105
-104
-104
-105
-104
-104
-106
-105
-106
-106
-106
-105
-104
-103
-103
-103
-102
-103
-103
-104
-104
-105
-105
-105
-105
-105
-105
-105
-105
-105
-105
-104
-106
-106
-105
-105
-106
-106
-105
-105
-106
-106
-105
-105
-106
-105
-105
-104
-103
-103
-102
-100
-101
-103
-104
-105
-105
-106
-107
-107
-107
-107
-108
-108
-108
-107
-107
-107
-107
-107
-106
-106
-105
-105
-105
-105
-104
-105
-105
-105
-104
-104
-104
-104
-105
-105
-106
-105
-105
-105
-105
-105
-104
-104
-104
-104
-104
-104
-105
-106
-105
-104
-105
-105
-105
-104
-105
-105
-106
-105
-105
-106
-105
-105
-106
-106
-106
-106
-105
-105
-107
-107
-107
-107
-106
-106
-106
-106
-106
-106
-105
-105
-105
-105
-105
-106
-106
-105
-105
-105
-106
-106
-106
-105
-105
-105
-105
-105
-106
-107
-107
-106
-106
-106
-106
-106
-106
-107
-106
-106
-106
-105
-105
-104
-104
-104
-105
-105
-105
-104
-105
-105
-105
-106
-106
-106
-105
-106
-106
-107
-106
-106
-106
-106
-106
-105
-105
-105
-105
-105
-105
-105
-106
-105
-105
-104
-104
-103
-104
-104
-105
-105
-105
-105
-106
-105
-105
-105
-106
-105
-105
-105
-106
-105
-104
-105
-105
-104
-104
-104
-104
-104
-105
-105
-105
-105
-106
-107
-107
-107
-106
-106
-106
-106
-105
-105
-104
-104
-103
-101
-101
-102
-101
-103
-104
-106
-106
-106
-107
-107
-107
-107
-107
-108
-108
-108
-107
-107
-108
-107
-108
-107
-108
-108
-108
-107
-107
-106
-105
-105
-105
-106
-106
-106
-106
-106
-106
-106
-106
-106
-106
-107
-107
-107
-107
-106
-105
-105
-105
-104
-105
-105
-105
-106
-107
-106
-106
-106
-105
-104
-105
-104
-104
-104
-104
-105
-106
-106
-106
-106
-106
-105
-105
-105
-105
-105
-106
-106
-106
-106
-106
-107
-106
-106
-106
-105
-106
-106
-106
-106
-105
-105
-106
-107
-108
-108
-108
-108
-107
-107
-106
-106
-106
-106
-107
-107
-107
-106
-107
-107
-106
-105
-106
-106
-105
-104
-104
-105
-106
-105
-106
-106
-107
-107
-107
-106
-107
-107
-106
-105
-105
-106
-107
-107
-106
-107
-107
-107
-108
-107
-106
-107
-108
-108
-107
-107
-108
-107
-106
-106
-106
-107
-107
-107
-107
-106
-105
-103
-104
-105
-104
-103
-104
-105
-105
-105
-105
-105
-106
-105
-106
-106
-105
-104
-104
-104
-105
-104
-104
-104
-105
-105
-104
-104
-104
-103
-102
-102
-102
-101
-101
-101
-103
-105
-106
-106
-107
-108
-108
-107
-106
-106
-107
-107
-106
-107
-106
-106
-106
-106
-107
-107
-106
-107
-108
-107
-107
-106
-106
-106
-105
-105
-104
-104
-105
-105
-105
-106
-105
-105
-105
-105
-106
-105
-105
-104
-104
-104
-105
-105
-105
-105
-105
-106
-105
-104
-105
-105
-106
-105
-105
-105
-106
-106
-106
-106
-106
-107
-107
-108
-107
-106
-106
-106
-106
-106
-107
-107
-107
-107
-107
-107
-107
-107
-107
-108
-108
-108
-108
-108
-108
-108
-108
-107
-108
-108
-107
-107
-107
-108
-108
-107
-107
-107
-106
-106
-106
-106
-106
-105
-105
-105
-106
-107
-106
-106
-106
-105
-105
-106
-106
-105
-105
-106
-105
-105
-105
-104
-104
-105
-105
-106
-105
-104
-105
-106
-107
-106
-105
-105
-104
-103
-104
-104
-105
-105
-104
-105
-106
-105
-105
-106
-106
-106
-106
-106
-106
-105
-106
-106
-106
-106
-106
-106
-106
-106
-106
-106
-106
-106
-105
-104
-104
-105
-104
-103
-101
-101
-101
-101
-102
-103
-105
-104
-105
-105
-106
-106
-105
-106
-106
-106
-105
-106
-105
-105
-103
-103
-103
-103
-102
-101
-101
-103
-105
-107
-107
-108
-107
-105
-106
-106
-105
-105
-105
-104
-104
-103
-104
-104
-104
-103
-103
-104
-104
-104
-103
-104
-104
-104
-103
-104
-105
-105
-105
-105
-105
-104
-103
-103
-104
-105
-105
-104
-104
-105
-105
-105
-106
-106
-105
-105
-105
-105
-104
-105
-106
-106
-105
-106
-106
-107
-106
-106
-105
-104
-104
-105
-105
-104
-104
-104
-104
-104
-104
-105
-105
-105
-106
-106
-106
-106
-105
-105
-105
-106
-106
-106
-105
-105
-105
-104
-105
-104
-105
-105
-105
-104
-104
-104
-104
-104
-105
-106
-105
-105
-105
-104
-103
-104
-105
-106
-106
-106
-106
-106
-106
-105
-105
-105
-105
-104
-104
-104
-104
-103
-103
-104
-106
-106
-106
-107
-108
-106
-106
-107
-108
-107
-107
-106
-108
-107
-106
-105
-103
-99
-95
-91
-90
-92
-99
-113
-118
-116
-115
-117
-119
-122
-116
-103
-98
-100
-105
-107
-105
-99
-96
-94
-94
-100
-106
-111
-116
-116
-108
-98
-102
-113
-118
-118
-105
-91
-90
-92
-95
-95
-97
-103
-106
-106
-104
-105
-109
-118
-123
-120
-111
-102
-92
-86
-89
-97
-105
-108
-103
-106
-108
-102
-95
-97
-103
-110
-116
-109
-110
-112
-102
-96
-99
-102
-107
-110
-115
-120
-116
-109
-106
-107
-107
-106
-110
-108
-103
-101
-99
-83
-78
-88
-111
-124
-120
-113
-104
-103
-105
-102
-101
-109
-120
-125
-115
-98
-88
-87
-95
-102
-101
-90
-78
-83
-107
-129
-133
-122
-111
-109
-114
-114
-120
-112
-109
-112
-111
-102
-81
-67
-67
-67
-85
-90
-89
-94
-118
-147
-152
-138
-137
-139
-141
-141
-120
-88
-69
-65
-78
-88
-96
-100
-99
-115
-125
-119
-111
-111
-110
-114
-122
-127
-128
-119
-102
-93
-100
-114
-111
-98
-102
-99
-90
-86
-84
-74
-69
-92
-108
-107
-107
-123
-128
-118
-110
-90
-60
-62
-96
-131
-142
-117
-85
-83
-120
-138
-124
-111
-104
-111
-118
-122
-119
-111
-114
-99
-75
-61
-74
-99
-120
-136
-128
-118
-115
-119
-121
-112
-104
-107
-117
-111
-97
-87
-87
-95
-111
-132
-145
-131
-106
-81
-72
-89
-120
-127
-103
-72
-64
-84
-108
-107
-99
-92
-101
-121
-132
-146
-156
-135
-110
-58
-28
-70
-123
-136
-130
-147
-180
-176
-120
-63
-41
-37
-36
-45
-72
-122
-167
-164
-141
-103
-73
-92
-127
-134
-117
-109
-103
-91
-97
-93
-97
-97
-78
-98
-101
-82
-81
-94
-102
-135
-168
-171
-133
-84
-69
-108
-128
-142
-130
-85
-58
-46
-46
-66
-78
-78
-90
-100
-130
-168
-188
-191
-176
-139
-103
-87
-96
-96
-60
-48
-55
-91
-119
-81
-6
12
-83
-186
-228
-220
-131
-35
-4
-31
-114
-194
-197
-151
-130
-139
-146
-112
-63
-39
-32
-9
-30
-92
-144
-188
-204
-167
-100
-54
-77
-95
-82
-103
-133
-136
-137
-131
-99
-82
-102
-112
-103
-58
-22
-17
-74
-152
-197
-211
-187
-150
-111
-81
-59
-49
-65
-99
-126
-127
-88
-73
-88
-112
-108
-106
-127
-128
-122
-107
-96
-79
-84
-109
-124
-114
-133
-154
-130
-92
-65
-71
-86
-80
-76
-78
-125
-156
-136
-94
-93
-106
-106
-105
-115
-103
-66
-65
-110
-131
-104
-83
-94
-104
-109
-119
-123
-143
-133
-79
-40
-28
-56
-92
-121
-148
-176
-166
-135
-105
-82
-10
0
-88
-137
-145
-162
-149
-113
-95
-92
-105
-174
-213
-156
-71
-32
-35
-36
-54
-87
-116
-139
-156
-149
-125
-94
-85
-78
-66
-68
-84
-88
-36
-45
-140
-209
-226
-168
-83
-29
-74
-152
-179
-138
-76
-62
-60
-47
-31
-74
-153
-199
-173
-95
-52
-62
-88
-118
-122
-150
-163
-133
-112
-92
-83
-73
-36
-47
-93
-116
-131
-134
-119
-115
-127
-136
-124
-107
-57
-22
-56
-129
-147
-124
-118
-119
-121
-120
-92
-67
-97
-156
-129
-79
-78
-106
-106
-82
-77
-57
-81
-139
-140
-109
-94
-110
-142
-164
-163
-110
-74
-103
-74
-24
-17
-36
-90
-111
-102
-105
-156
-196
-182
-145
-100
-53
-83
-159
-113
-31
-48
-102
-129
-132
-137
-98
-44
-28
-92
-153
-113
-66
-96
-172
-193
-167
-123
-78
-66
-71
-69
-96
-161
-164
-92
-25
-16
-76
-154
-180
-131
-64
-82
-117
-96
-89
-126
-137
-98
-53
-26
-74
-161
-194
-172
-138
-80
-12
-38
-105
-106
-99
-117
-95
-64
-99
-132
-114
-68
-69
-66
-76
-68
-105
-153
-177
-195
-180
-145
-82
-81
-117
-87
-72
-92
-87
-71
-33
-31
-47
-90
-138
-156
-175
-202
-178
-126
-89
-78
-99
-129
-144
-75
-18
-28
-80
-66
-65
-105
-145
-153
-138
-122
-100
-80
-72
-83
-97
-127
-156
-154
-124
-104
-81
-42
-33
-52
-129
-164
-140
-115
-107
-134
-124
-77
-58
-84
-101
-114
-114
-120
-119
-131
-95
-76
-79
-66
-102
-129
-134
-136
-132
-105
-48
-7
-25
-69
-78
-83
-117
-137
-158
-165
-172
-177
-142
-109
-100
-72
-29
-27
-71
-73
-27
-16
-62
-104
-80
-20
-76
-184
-227
-244
-250
-215
-155
-65
27
28
-43
-111
-126
-125
-99
-61
-54
-67
-99
-114
-94
-120
-198
-232
-198
-109
-15
-3
-32
-17
-31
-80
-137
-184
-191
-139
-83
-91
-126
-127
-95
-93
-127
-141
-137
-121
-67
-71
-130
-68
15
4
-45
-113
-151
-175
-208
-227
-190
-108
-58
-37
-68
-146
-188
-199
-181
-102
-63
-68
-55
-14
-27
-65
-110
-144
-173
-143
-113
-132
-125
-81
-83
-108
-182
-178
-84
-18
-1
-31
-120
-188
-193
-145
-104
-102
-141
-154
-140
-73
-35
-36
-25
-21
-81
-126
-127
-139
-167
-172
-181
-165
-119
-83
-46
-16
54
82
49
-98
-194
-231
-190
-117
-160
-219
-225
-186
-164
-134
-67
-14
-1
-28
-69
-56
-76
-100
-107
-174
-218
-226
-206
-161
-120
-89
-79
-78
-38
-81
-145
-119
-69
-65
-82
-87
-95
-151
-199
-197
-157
-98
-47
-36
-22
-62
-120
-97
-127
-136
-155
-138
-75
-53
-81
-94
-164
-219
-208
-205
-200
-105
20
39
15
-31
-15
0
-62
-81
-98
-179
-225
-243
-228
-154
-121
-56
-31
-41
13
-48
-109
-107
-116
-123
-193
-229
-194
-140
-91
-70
-93
-41
-5
-55
-96
-62
-30
-24
-43
-151
-214
-239
-249
-196
-88
22
52
0
-132
-200
-152
-154
-146
-63
88
151
67
-95
-192
-230
-245
-213
-43
24
60
116
112
-21
-156
-216
-178
-123
-74
-78
-172
-222
-201
-203
-174
29
138
93
-25
-154
-215
-142
-38
-59
-99
-189
-229
-241
-150
-84
-22
-61
-52
-49
-12
-58
-175
-223
-242
-249
-168
-111
-36
135
124
-65
-178
-189
-152
-103
-17
75
52
-69
-183
-226
-242
-143
16
100
57
-55
-44
-42
-43
91
189
151
-64
-180
-225
-243
-250
-253
-254
-50
35
-112
-200
-233
-185
-8
146
212
203
-20
-162
-217
-240
-249
-226
-99
-41
12
-35
-162
-218
-215
-15
145
130
5
-154
-214
-219
-155
-214
-193
-142
-191
-209
-191
-1
155
193
-4
-156
-215
-239
-102
54
10
-150
-214
-158
4
141
132
134
3
-154
-214
-239
-225
-139
-82
-8
43
-68
-95
-189
-228
-162
-107
22
158
213
26
-145
-211
-237
-180
37
20
-125
-205
-235
-108
12
78
95
11
-88
-107
-75
-58
-163
-218
-239
-150
-38
-11
-54
-65
-138
-165
-146
-65
-90
-160
-160
-43
92
138
24
-135
-207
-228
-244
-250
-199
-152
-55
21
-52
-116
-144
-71
50
104
31
-106
-197
-199
-75
-24
-53
-129
-202
-223
-235
-171
-49
-13
-31
-40
-121
-157
-102
-99
-140
-178
-163
-12
148
192
-14
-160
-217
-240
-247
-206
-232
-230
-88
74
182
124
100
93
-91
-190
-229
-244
-238
-125
-52
-8
73
155
62
-65
-175
-223
-198
-116
-80
-47
-44
-69
-162
-161
-32
-1
16
-85
-123
-130
-167
-159
-178
-215
-211
-207
-170
-54
50
29
50
77
51
-107
-198
-229
-86
-38
-167
-221
-241
-145
45
20
-24
-21
-53
-104
-84
-65
-104
-103
63
100
-63
-180
-223
-115
-92
-190
-229
-236
-87
40
-46
-166
-220
-164
2
153
135
-23
-164
-219
-240
-218
-82
64
33
-43
-55
-49
-83
-106
-176
-224
-242
-189
-4
29
-69
-175
-145
-43
60
62
-88
-190
-229
-172
-193
-211
-146
-69
-46
-52
-87
-5
57
29
-81
-95
-69
-121
-203
-234
-227
-142
-88
-115
-157
-104
10
97
109
159
129
48
-135
-207
-236
-247
-233
-182
-150
-156
-100
3
15
34
106
196
91
-109
-197
-231
-186
-112
-179
-226
-202
-186
-132
-71
-55
-44
54
62
115
198
83
-113
-198
-232
-246
-244
-229
-196
-80
48
33
-85
-125
-113
-51
68
163
103
-2
-134
-207
-235
-247
-252
-199
-112
-86
-122
-111
-64
-18
-8
-11
103
122
-9
-50
-20
-98
-193
-224
-162
-119
-131
-158
-214
-222
-125
-51
86
189
228
76
-125
-203
-214
-239
-248
-250
-164
-67
-24
-74
-185
-190
-155
-38
121
166
-22
-164
-186
-80
-36
-105
-109
-86
-138
-209
-162
-29
-47
-175
-208
-153
-71
-56
-108
-95
-56
-22
-34
-93
-90
-65
-85
-65
-48
-90
-154
-170
-156
-191
-223
-202
-159
-133
-138
-80
8
52
88
15
-143
-179
-195
-204
-208
-165
-119
-119
-167
-177
-140
-94
-42
-21
-17
-2
17
24
-55
-173
-223
-217
-182
-163
-179
-152
-124
-107
-98
-87
-83
-125
-132
-51
-4
-57
-119
-99
-40
-50
-137
-200
-228
-195
-149
-102
-70
-59
-92
-149
-175
-136
-80
-33
-5
-70
-136
-140
-149
-166
-150
-134
-123
-92
-43
-16
-79
-151
-156
-118
-29
38
-47
-174
-223
-218
-177
-122
-129
-155
-119
-129
-131
-68
-34
-34
-33
-73
-77
-33
-22
-127
-175
-191
-189
-140
-93
-108
-151
-167
-157
-112
-57
-38
-64
-58
-16
-73
-155
-196
-215
-212
-190
-141
-128
-158
-145
-109
-108
-89
-62
-78
-124
-113
-97
-94
-137
-169
-148
-102
-84
-107
-126
-142
-161
-143
-149
-173
-127
-54
-28
-53
-105
-99
-101
-123
-146
-143
-135
-153
-146
-127
-127
-134
-93
-24
-15
-34
-114
-150
-153
-143
-130
-121
-145
-146
-118
-101
-95
-108
-135
-134
-113
-79
-63
-97
-136
-130
-96
-96
-104
-79
-71
-105
-89
-94
-140
-78
-53
-101
-187
-189
-179
-158
-114
-73
-36
-38
-92
-156
-139
-73
-29
-44
-120
-196
-176
-117
-52
-32
-71
-158
-217
-225
-177
-119
-97
-112
-104
-87
-84
-60
-45
-40
-35
-63
-128
-195
-192
-149
-131
-140
-128
-79
-28
-71
-131
-152
-151
-119
-79
-63
-14
-35
-109
-140
-148
-163
-197
-169
-141
-136
-135
-118
-64
-29
-51
-82
-87
-60
-46
9
-27
-135
-203
-188
-179
-179
-156
-125
-101
-105
-126
-134
-117
-87
-58
-38
-18
9
41
-23
-161
-218
-202
-155
-131
-140
-147
-129
-93
-55
-65
-115
-112
-88
-110
-128
-74
-81
-118
-108
-115
-123
-106
-88
-68
-53
-64
-85
-100
-122
-126
-82
-57
-96
-124
-107
-58
-18
-61
-156
-178
-179
-174
-133
-74
-65
-93
-104
-64
-47
-93
-116
-84
-84
-99
-92
-95
-126
-142
-150
-128
-118
-118
-131
-140
-111
-87
-86
-72
-62
-49
-55
-115
-171
-174
-153
-114
-78
-88
-118
-112
-80
-64
-79
-107
-102
-92
-91
-110
-107
-73
-73
-126
-165
-175
-131
-93
-106
-130
-120
-50
16
-52
-127
-113
-91
-115
-137
-112
-68
-84
-139
-166
-120
-117
-180
-175
-125
-82
-43
4
8
-19
-66
-135
-195
-189
-166
-157
-150
-135
-121
-109
-75
-46
-87
-112
-97
-74
-59
-54
7
2
-106
-152
-132
-118
-141
-171
-163
-147
-123
-87
-69
-83
-121
-147
-143
-132
-97
-45
-9
-6
-18
-67
-115
-145
-176
-184
-163
-142
-124
-112
-96
-92
-110
-59
-7
-63
-122
-162
-125
-50
-76
-85
-136
-164
-163
-161
-136
-101
-93
-88
-50
-21
-22
-39
-121
-155
-157
-154
-151
-135
-108
-72
-68
-107
-115
-98
-105
-113
-120
-119
-133
-102
-26
-3
-5
-41
-109
-126
-132
-132
-125
-123
-131
-144
-142
-128
-105
-85
-85
-90
-90
-90
-75
-28
-22
-88
-168
-167
-125
-118
-132
-135
-114
-72
-50
-65
-86
-79
-88
-82
-103
-124
-143
-167
-156
-121
-100
-75
-40
-22
-55
-59
-72
-115
-143
-145
-94
-96
-109
-113
-132
-129
-136
-130
-119
-110
-75
-59
-78
-76
-39
-28
-64
-128
-135
-99
-77
-90
-163
-204
-175
-129
-107
-119
-128
-119
-120
-128
-69
-2
-27
-87
-58
-97
-152
-98
-43
-80
-171
-182
-172
-158
-121
-93
-92
-101
-92
-69
-54
-25
-16
-23
-41
-90
-147
-154
-186
-194
-160
-123
-112
-123
-125
-124
-124
-81
-30
-10
4
40
0
-100
-165
-177
-171
-166
-178
-185
-172
-122
-91
-105
-105
-54
-28
-29
-19
-13
-77
-152
-203
-200
-139
-98
-96
-84
-87
-112
-122
-101
-69
-80
-81
-83
-47
-53
-127
-167
-163
-162
-133
-99
-133
-139
-96
-40
-19
-54
-103
-129
-147
-126
-66
-39
-92
-151
-167
-163
-164
-147
-99
-72
-71
-62
-39
-28
-71
-132
-161
-139
-113
-100
-82
-87
-120
-136
-135
-145
-133
-117
-108
-123
-123
-113
-117
-119
-107
-92
-73
-44
-18
-30
-93
-170
-155
-116
-101
-124
-108
-114
-129
-110
-83
-65
-71
-95
-114
-113
-68
-66
-138
-142
-157
-162
-123
-73
-62
-97
-137
-116
-90
-63
-38
-55
-92
-129
-141
-121
-109
-138
-116
-89
-118
-115
-119
-98
-85
-111
-111
-84
-54
-50
-73
-101
-121
-167
-167
-98
-69
-75
-90
-106
-113
-109
-93
-53
-7
-68
-155
-153
-109
-130
-136
-98
-137
-200
-192
-168
-121
-71
-67
-65
-60
-50
-36
-66
-103
-136
-151
-153
-128
-107
-90
-69
-85
-161
-180
-172
-130
-82
-51
-29
-26
-33
-13
-53
-112
-135
-155
-170
-165
-72
-85
-167
-186
-154
-123
-124
-110
-72
-74
-84
-56
-109
-144
-130
-104
-91
-74
-71
-156
-170
-103
-47
-55
-117
-151
-124
-97
-124
-127
-140
-149
-143
-145
-146
-107
-65
-34
-94
-140
-137
-131
-99
-86
-41
8
-67
-116
-141
-140
-128
-127
-138
-113
-108
-87
-66
-105
-141
-153
-145
-144
-113
-74
-80
-102
-52
-42
-115
-137
-97
-46
-35
-63
-132
-171
-194
-173
-172
-136
-74
-32
-68
-120
-147
-83
14
32
-6
-34
-92
-177
-181
-208
-209
-159
-145
-152
-134
-129
-129
-124
-119
-124
-96
-43
-10
-19
-34
-77
-127
-153
-118
-114
-128
-133
-154
-153
-139
-107
-95
-113
-64
-120
-172
-126
-59
-35
-80
-61
-53
-79
-70
-63
-158
-202
-194
-162
-112
-72
-80
-96
-75
-40
-8
-43
-99
-108
-125
-136
-150
-115
-115
-148
-145
-149
-138
-121
-112
-127
-125
-118
-111
-54
85
89
-53
-174
-162
-97
-103
-152
-180
-179
-142
-122
-123
-134
-133
-68
3
-37
-81
-54
-79
-140
-140
-77
-40
-90
-132
-150
-184
-204
-192
-163
-145
-145
-121
-103
-76
-16
44
-10
-71
-115
-126
-148
-182
-165
-184
-193
-187
-159
-105
-20
15
-3
-27
-46
-89
-110
-103
-84
-138
-157
-155
-172
-153
-125
-105
-75
-90
-56
-37
-96
-113
-18
38
-73
-171
-182
-165
-163
-173
-173
-114
-81
-104
-122
-142
-119
-24
38
-7
-79
-98
-90
-84
-95
-89
-155
-168
-164
-135
-136
-133
-154
-154
-145
-63
58
15
-94
-152
-125
-138
-195
-231
-235
-239
-196
-129
-76
-71
-60
-29
-16
-26
-33
-106
-167
-130
-109
-146
-132
-86
-94
-69
-41
-83
-127
-140
-159
-148
-98
-19
56
-4
-142
-165
-196
-227
-188
-98
-50
-59
-60
-62
-126
-159
-168
-141
-116
-106
-94
-72
36
89
-43
-102
-159
-183
-190
-164
-152
-170
-165
-146
-116
-54
-28
-70
-131
-165
-181
-77
94
54
-20
-48
-89
-54
-31
-115
-198
-223
-218
-220
-222
-209
-144
-35
25
-6
51
55
-68
-139
-130
-118
-109
-103
-128
-159
-200
-198
-172
-106
-63
-45
-105
-147
-101
-51
-59
-63
25
42
-21
-136
-209
-236
-241
-183
-125
-152
-137
-80
-107
-196
-184
-93
-41
-14
15
60
63
16
-54
-145
-212
-238
-227
-168
-46
10
-2
-3
-7
-78
-180
-223
-147
-62
24
91
55
-102
-195
-231
-245
-205
-130
-46
-48
-94
-83
27
129
127
34
-138
-189
-176
-200
-230
-237
-248
-236
-173
-81
4
22
-18
12
20
-72
-172
-169
-148
-81
-14
-72
-146
-154
-72
-123
-205
-222
-112
-36
-44
-90
-136
-182
-104
-3
3
-10
-53
-61
-139
-210
-234
-247
-207
-138
-117
-130
-190
-184
22
137
71
-36
-152
-214
-239
-248
-164
-81
-47
-69
-22
-5
-64
-148
-213
-191
-154
-151
-92
3
-46
-172
-212
-150
-33
6
-27
-91
-165
-218
-236
-167
53
130
-6
-131
-165
-167
-219
-223
-148
-95
-105
-151
-187
-167
-103
6
41
-9
-142
-211
-193
1
112
54
-51
-100
-165
-219
-240
-250
-223
-88
-26
-47
-64
-39
-23
-56
-85
-98
-16
50
-54
-178
-224
-238
-136
-77
-136
-202
-162
-69
3
75
84
-83
-188
-228
-239
-179
-146
-127
-56
-9
5
-39
-58
-43
-78
-82
-116
-196
-231
-169
-94
-88
-74
-74
-61
-53
-81
-167
-198
-142
-110
-82
-89
-70
-72
-90
-99
-122
-142
-174
-146
-35
-23
-55
-107
-171
-217
-240
-249
-139
42
127
37
-127
-175
-110
37
49
-67
-167
-173
-143
-98
-93
-158
-216
-239
-249
-226
-134
-5
29
59
157
126
21
-90
-172
-184
-206
-234
-236
-187
-141
-161
-180
-206
-159
-16
44
-23
-155
-206
-97
-18
-69
-164
-220
-239
-197
-144
-121
-74
18
127
90
27
10
-14
-120
-202
-234
-247
-223
-212
-172
-109
-47
15
-10
-108
-184
-202
-90
16
-101
-196
-178
-137
-125
-100
-126
-129
-60
-21
-79
-170
-201
-200
-158
-99
-29
82
50
-35
-59
-44
-94
-81
-87
-153
-215
-239
-214
-146
-63
21
60
78
56
-23
-140
-210
-237
-221
-153
-170
-178
-188
-230
-245
-158
-16
55
10
-76
-179
-194
-158
-127
-15
126
147
-8
-120
-132
-143
-206
-235
-247
-252
-234
-113
-17
22
21
37
1
-87
-94
-14
60
20
-109
-198
-232
-246
-168
-48
8
-1
-139
-209
-237
-182
-92
-101
-129
-75
31
102
56
-11
-43
-93
-154
-195
-231
-245
-251
-217
-150
-16
81
0
-105
-95
-37
-36
-101
-122
-149
-182
-188
-166
-154
-97
-70
-59
-32
-50
-53
23
-30
-146
-169
-123
-52
-103
-196
-231
-158
-65
-84
-141
-157
-98
-45
10
-19
-93
-185
-227
-219
-126
-110
-107
-93
-54
45
66
4
-108
-192
-226
-243
-228
-191
-110
-11
1
-70
-168
-188
-69
118
171
-2
-152
-214
-238
-194
-94
-95
-135
-161
-171
-172
-111
-51
-56
-88
-100
-41
30
-8
-33
-54
-134
-192
-215
-174
-119
-122
-145
-149
-136
-124
-115
-110
-107
-104
-98
-90
-87
-85
-77
-68
-68
-102
-125
-129
-126
-117
-110
-104
-94
-79
-62
-75
-109
-118
-109
-104
-96
-92
-94
-98
-106
-110
-107
-103
-100
-100
-100
-99
-99
-98
-97
-95
-98
-99
-98
-97
-96
-96
-99
